data/0600-temp-surface-level-gfs-1.0.json
{"header": {"discipline":0,"disciplineName":"Meteorological products","gribEdition":2,"gribLength":61598,"center":7,"centerName":"US National Weather Service - NCEP(WMC)","subcenter":0,"refTime":"2014-03-08T18:00:00.000Z","significanceOfRT":1,"significanceOfRTName":"Start of forecast","productStatus":0,"productStatusName":"Operational products","productType":1,"productTypeName":"Forecast products","productDefinitionTemplate":0,"productDefinitionTemplateName":"Analysis/forecast at horizontal level/layer at a point in time","parameterCategory":0,"parameterCategoryName":"Temperature","parameterNumber":0,"parameterNumberName":"Temperature","parameterUnit":"K","genProcessType":2,"genProcessTypeName":"Forecast","forecastTime":12,"surface1Type":103,"surface1TypeName":"Specified height level above ground","surface1Value":2,"surface2Type":255,"surface2TypeName":"Missing","surface2Value":0,"gridDefinitionTemplate":0,"gridDefinitionTemplateName":"Latitude_Longitude","numberPoints":65160,"shape":6,"shapeName":"Earth spherical with radius of 6,371,229.0 m","gridUnits":"degrees","resolution":48,"winds":"true","scanMode":0,"nx":360,"ny":181,"basicAngle":0,"subDivisions":0,"lo1":0,"la1":90,"lo2":359,"la2":-90,"dx":1,"dy":1}, "data":
[rows 0 to 31 of 181, columns 0 to 71 of 360]
250.17,250.17,250.17,250.17,250.17,250.17,250.17,250.17,250.17,250.17,250.17,250.17,250.17,250.17,250.17,250.17,250.17,250.17,250.17,250.17,250.17,250.17,250.17,250.17,250.17,250.17,250.17,250.17,250.17,250.17,250.17,250.17,250.17,250.17,250.17,250.17,250.17,250.17,250.17,250.17,250.17,250.17,250.17,250.17,250.17,250.17,250.17,250.17,250.17,250.17,250.17,250.17,250.17,250.17,250.17,250.17,250.17,250.17,250.17,250.17,250.17,250.17,250.17,250.17,250.17,250.17,250.17,250.17,250.17,250.17,250.17,250.17
250.55,250.55,250.54,250.54,250.53,250.53,250.52,250.52,250.51,250.5,250.49,250.48,250.47,250.46,250.44,250.43,250.4,250.38,250.36,250.34,250.32,250.29,250.27,250.24,250.22,250.19,250.16,250.13,250.1,250.07,250.04,250.01,249.98,249.96,249.92,249.9,249.86,249.84,249.81,249.79,249.77,249.75,249.73,249.71,249.69,249.67,249.65,249.64,249.63,249.61,249.6,249.58,249.57,249.55,249.54,249.53,249.52,249.51,249.5,249.49,249.48,249.46,249.45,249.44,249.42,249.41,249.4,249.39,249.37,249.36,249.35,249.34
251.75,251.76,251.77,251.79,251.8,251.81,251.82,251.83,251.84,251.84,251.85,251.85,251.86,251.86,251.84,251.82,251.8,251.78,251.75,251.73,251.7,251.67,251.62,251.56,251.5,251.45,251.39,251.31,251.24,251.17,251.1,251.03,250.97,250.9,250.84,250.78,250.7,250.63,250.55,250.49,250.44,250.39,250.34,250.29,250.25,250.2,250.16,250.12,250.08,250.04,250.01,249.97,249.95,249.93,249.91,249.89,249.87,249.83,249.79,249.75,249.72,249.68,249.64,249.6,249.56,249.53,249.5,249.47,249.45,249.41,249.37,249.33
258.21,258.17,258.12,258.08,257.96,257.84,257.72,257.54,257.37,257.2,256.98,256.77,256.56,256.35,256.13,255.92,255.66,255.41,255.15,254.89,254.62,254.35,254.1,253.86,253.62,253.38,253.14,252.9,252.73,252.55,252.38,252.27,252.16,252.05,251.98,251.89,251.81,251.78,251.74,251.7,251.66,251.62,251.58,251.5,251.42,251.34,251.29,251.24,251.19,251.1,251.01,250.91,250.82,250.73,250.63,250.55,250.45,250.36,250.26,250.15,250.06,249.95,249.84,249.74,249.63,249.53,249.44,249.36,249.28,249.21,249.12,249.05
262.39,262.43,262.47,262.49,262.51,262.51,262.49,262.46,262.38,262.3,262.18,262.03,261.87,261.67,261.48,261.26,261.04,260.78,260.52,260.25,259.95,259.65,259.29,258.91,258.49,258.04,257.56,257.02,256.49,255.97,255.45,254.97,254.51,254.08,253.71,253.34,253.07,252.81,252.61,252.46,252.3,252.15,252,251.87,251.75,251.63,251.52,251.39,251.25,251.12,250.96,250.79,250.63,250.48,250.32,250.15,249.96,249.8,249.63,249.46,249.29,249.12,248.95,248.78,248.65,248.52,248.41,248.32,248.23,248.18,248.13,248.12
266.27,266.28,266.29,266.28,266.26,266.23,266.18,266.13,266.07,265.99,265.9,265.79,265.67,265.53,265.37,265.19,264.97,264.75,264.48,264.21,263.91,263.59,263.27,262.94,262.61,262.29,261.97,261.65,261.32,260.98,260.63,260.23,259.8,259.32,258.8,258.25,257.68,257.1,256.54,255.99,255.48,254.98,254.57,254.19,253.86,253.54,253.28,253.01,252.72,252.43,252.1,251.76,251.41,251.06,250.7,250.37,250.06,249.78,249.52,249.31,249.11,248.92,248.73,248.56,248.39,248.22,248.06,247.92,247.82,247.76,247.73,247.71
267.9,267.96,268,268.01,268.02,268.02,267.99,267.95,267.9,267.83,267.75,267.64,267.53,267.4,267.26,267.09,266.89,266.67,266.42,266.13,265.83,265.51,265.22,264.95,264.65,264.32,263.97,263.57,263.16,262.73,262.33,261.93,261.61,261.3,260.98,260.68,260.36,260,259.64,259.26,258.9,258.56,258.25,257.96,257.68,257.34,256.97,256.54,256.06,255.5,254.94,254.38,253.8,253.22,252.65,252.14,251.68,251.27,250.9,250.58,250.27,249.98,249.69,249.4,249.14,248.94,248.78,248.65,248.55,248.47,248.4,248.33
270.08,270.11,270.13,270.13,270.11,270.05,269.97,269.85,269.71,269.56,269.4,269.25,269.11,268.97,268.84,268.71,268.58,268.44,268.31,268.2,268.11,268.04,267.96,267.85,267.7,267.51,267.3,267.07,266.81,266.53,266.21,265.86,265.51,265.18,264.95,264.75,264.61,264.51,264.4,264.32,264.26,264.16,264.06,263.97,263.87,263.71,263.51,263.22,262.81,262.27,261.62,260.82,259.95,259.03,258.21,257.56,257.01,256.57,256.16,255.71,255.18,254.55,253.9,253.26,252.67,252.15,251.71,251.37,251.01,250.64,250.25,249.81
268,267.98,268.17,268.51,268.95,269.47,269.99,270.49,270.9,271.2,271.36,271.42,271.41,271.36,271.29,271.24,271.14,270.99,270.81,270.61,270.4,270.2,270.02,269.84,269.67,269.49,269.3,269.09,268.86,268.59,268.18,267.76,267.47,267.24,267.07,266.98,266.91,266.94,266.98,267.04,267.05,266.97,266.89,266.79,266.7,266.61,266.5,266.53,266.5,266.34,266.21,265.87,265.33,264.72,264.21,263.76,263.32,262.86,262.33,261.64,260.8,259.96,259.12,258.26,257.4,256.62,255.92,255.3,254.83,254.42,254.02,253.61
271.78,271.97,272.07,272.1,272.1,272.11,272.16,272.24,272.33,272.39,272.36,272.28,272.17,272.05,271.92,271.79,271.64,271.52,271.46,271.41,271.34,271.21,271.04,270.86,270.67,270.45,270.13,269.63,269.22,268.77,268.31,267.86,267.43,267.07,266.82,266.69,266.68,266.7,266.75,266.86,267,267.16,267.31,267.38,267.36,267.47,267.46,267.33,267.12,266.77,266.35,265.84,265.45,265.17,264.55,263.22,263.11,262.21,262.02,262.49,262.61,261.95,262.05,260.54,259.35,259.02,258.81,258.39,257.83,257.14,256.4,255.79
270.56,270.99,271.29,271.42,271.57,271.74,271.86,271.96,272.2,272.51,272.67,272.61,272.65,272.85,272.76,272.12,271.15,270.88,270.69,269.78,268.72,268.23,268.12,267.64,266.76,266.48,267.47,269.18,270.47,270.72,270.44,270.09,269.59,269.02,268.79,268.4,268.33,267.93,267.76,267.54,267.4,267.3,267.2,267.08,267.01,266.97,266.8,266.66,266.37,266.51,266.16,265.43,265.46,265.35,265.35,265.34,265.52,264.83,264.83,264.18,263.8,263.65,263.55,263.55,263.58,263.59,263.53,263.39,263.16,262.84,262.5,262.11
269.34,269.87,270.36,270.83,271.21,271.54,271.89,272.15,272.31,272.74,273.36,272.88,270.08,267.46,266.82,261.06,258.54,265.59,265.39,267.61,269.88,270.67,270.58,270.54,270.43,270.22,270.26,270.52,270.86,271.06,271.21,271.18,271.02,270.93,270.83,270.64,270.45,270.3,270.15,270.02,269.92,269.82,269.7,269.59,269.48,269.34,269.17,268.99,268.86,268.74,268.66,268.49,268.29,268.24,268.16,268.05,267.9,267.7,267.56,267.4,267.13,266.84,266.53,266.34,266.2,266.19,266.3,266.41,266.21,265.88,265.42,264.8
268.95,269.81,270.47,270.9,271.19,271.42,271.62,271.88,272.22,272.57,272.94,273.42,273.7,273.22,270.44,267.88,268.63,268.63,268.97,270.56,270.69,270.02,269.5,270.25,271.15,271.4,271.28,271.24,271.19,271.06,270.92,270.89,270.99,271.13,271.25,271.35,271.43,271.46,271.45,271.4,271.36,271.36,271.38,271.41,271.43,271.44,271.44,271.43,271.43,271.45,271.5,271.55,271.58,271.61,271.63,271.61,271.54,271.36,271.05,270.61,270.11,269.57,268.97,268.37,267.8,267.26,266.73,266.16,265.55,264.84,264.06,263.21
269.25,269.68,269.95,270.13,270.32,270.6,271.03,271.57,272.13,272.62,273.01,273.21,273.32,273.66,273.82,272.87,271.51,271.52,272.99,273.06,272.64,272.47,272.42,272.17,271.95,271.92,271.96,272.06,272.13,272.12,272.09,272.11,272.18,272.28,272.31,272.29,272.24,272.19,272.15,272.17,272.2,272.25,272.27,272.25,272.23,272.21,272.22,272.25,272.25,272.12,271.81,271.39,270.94,270.6,270.42,270.34,270.32,270.33,270.44,270.59,270.62,270.46,270.04,269.35,268.8,268.35,267.04,264.83,262.48,263.21,262.78,261.36
268.7,268.92,269.23,269.63,270.1,270.63,271.21,271.82,272.42,272.94,273.32,273.59,273.86,274.15,274.41,274.64,274.77,274.67,274.36,274.07,273.76,273.45,273.19,273,272.88,272.85,272.96,273.13,273.34,273.52,273.63,273.68,273.73,273.7,273.55,273.35,273.12,272.92,272.81,272.75,272.69,272.59,272.44,272.29,272.14,272,271.85,271.68,271.51,271.3,271.02,270.69,270.26,269.73,269.06,268.53,268.21,268.4,268.7,268.52,267.16,263.82,261.04,259.76,259.43,259.76,260.82,261.92,262.42,262.3,261.78,261.21
269.24,269.6,270.06,270.59,271.11,271.66,272.19,272.71,273.18,273.58,273.91,274.16,274.38,274.58,274.74,274.87,274.95,275,275.01,274.96,274.81,274.56,274.3,274.09,273.99,274.05,274.25,274.48,274.68,274.8,274.85,274.81,274.73,274.58,274.36,274.12,273.85,273.59,273.39,273.24,273.12,273.02,272.95,272.9,272.86,272.76,272.52,272.23,271.88,271.48,271.03,270.51,270.07,269.6,268.86,268.51,267.27,263.58,260.44,260.7,263.06,265.4,266.72,267.26,267.6,267.85,268,268.05,267.91,267.59,267.12,266.37
271.57,271.97,272.37,272.7,273,273.27,273.55,273.86,274.16,274.44,274.66,274.84,275.02,275.2,275.41,275.62,275.76,275.83,275.82,275.78,275.67,275.53,275.39,275.25,275.11,275.06,275.15,275.37,275.57,275.67,275.66,275.59,275.49,275.35,275.17,274.97,274.75,274.54,274.44,274.48,274.56,274.63,274.7,274.84,275.07,275.28,275.28,275.06,274.49,273.67,272.86,272.16,271.45,270.56,269.18,267.07,264.9,264.94,267.27,268.9,269.25,269.31,269.02,268.76,268.76,268.71,268.59,268.43,268.35,268.43,268.5,268.7
272.39,272.66,273,273.34,273.69,273.97,274.23,274.48,274.69,274.88,275.05,275.24,275.42,275.61,275.82,276.09,276.39,276.68,276.87,276.88,276.75,276.56,276.39,276.3,276.26,276.21,276.18,276.2,276.3,276.42,276.53,276.61,276.68,276.65,276.49,276.25,275.91,275.59,275.4,275.28,275.16,275.05,274.97,275,275.14,275.26,275.23,275.02,274.46,273.64,272.79,272.06,271.59,270.85,269.21,268.24,269.56,271.19,271.36,271.05,270.68,270.24,269.98,269.77,269.53,269.3,269.13,269,268.81,268.58,268.49,268.84
274.17,274.54,274.88,275.18,275.41,275.62,275.82,276.03,276.21,276.35,276.44,276.53,276.63,276.74,276.78,276.81,276.83,276.88,276.98,277.05,277.18,277.27,277.28,277.32,277.3,277.24,277.2,277.2,277.2,277.17,277.12,277.05,277.06,277.09,277.03,276.86,276.62,276.4,276.25,276.05,275.78,275.45,275.1,274.88,274.82,274.8,274.62,274.28,273.69,273,272.31,271.74,271.21,270.13,269.63,270.82,271.79,271.82,271.92,271.89,271.65,271.32,270.91,270.53,270.22,270.03,269.83,269.57,269.27,268.83,268.54,268.83
275.63,275.8,276.06,276.35,276.63,276.89,277.13,277.33,277.46,277.53,277.55,277.58,277.63,277.69,277.67,277.59,277.49,277.44,277.42,277.42,277.35,277.38,277.35,277.48,277.35,276.44,276.38,276.81,275.73,277.23,277.77,277.73,277.36,277.12,276.89,276.74,276.65,276.55,276.38,276.2,276.02,275.74,275.27,274.76,274.33,274,273.7,273.35,272.82,272.28,271.98,271.92,271.74,271.62,271.34,270.97,271.29,271.71,271.99,272.14,272.05,271.82,271.48,270.95,270.46,270.24,270.17,269.38,268.16,267.43,267.45,268.32
278.35,278.52,278.71,278.87,279,279.13,279.26,279.34,279.44,279.63,279.79,279.6,278.92,277.97,277.29,277.04,276.79,276.69,276.39,274.02,274.68,274.45,272.22,271.67,269.87,269.77,269.55,270.23,271.55,273.02,275.6,276.92,276.8,276.92,276.99,276.83,276.77,276.68,276.49,276.25,276.07,275.8,275.27,274.65,274.01,273.35,272.81,272.34,271.9,271.57,271.63,271.86,271.86,271.76,271.75,271.75,271.75,271.76,271.86,271.68,271.68,271.7,271.58,271.23,270.67,270.33,269.98,268.71,266.34,264.93,264.33,264.18
278.93,279.01,279.18,279.37,279.51,279.61,279.71,279.82,279.92,279.95,279.97,279.93,279.64,278.82,277.85,276.29,275.16,273.77,269.85,267.76,266.44,266.66,268.02,268.76,268.67,269.07,269.37,271.08,272.64,271.34,270.81,271.17,272.03,272.99,273.18,273.62,274.47,275.82,276.48,276.3,276.06,275.59,274.87,274.22,273.42,272.35,271.77,271.53,271.33,271.17,271.7,271.97,272.01,271.97,271.86,271.9,271.92,271.91,271.97,272.08,272.08,271.64,270.32,269.53,269.76,269.88,270.06,269.19,267.18,266.13,265.72,264.73
279.02,279.17,279.4,279.65,279.86,280.04,280.21,280.32,280.35,280.26,280.13,279.94,279.51,278.8,277.94,276.55,272.37,268.64,265.56,265.28,268.25,269.87,270.17,269.61,268.83,268.84,268.81,268.81,268.72,269.24,269.91,269.56,269.1,270.11,270.63,271.74,272.26,272.34,272.92,274.1,275.05,275.15,274.14,273.64,272.79,271.03,270.63,271.3,271.49,271.78,271.95,272.04,272.18,272.17,271.97,271.83,271.52,271.65,271.44,271.58,272.05,271.47,270.92,270.23,268.51,268.36,266.93,266.63,266.83,266.69,266.34,265.73
279.14,279.36,279.61,279.87,280.11,280.3,280.41,280.43,280.42,280.34,280.1,279.95,279.19,278.84,275.03,271.36,269.03,267.99,268.74,270.01,270.62,271.38,272.34,272.05,270.96,269.8,268.9,268.65,268.79,268.44,268.74,269.35,270.59,270.73,270.98,270.81,271.27,271.66,272.06,272.77,273.37,274.13,274.08,273.17,272.44,272.1,271.96,272.02,271.62,271.01,272.15,272.67,272.8,272.44,271.78,271.7,271.76,271.96,272.14,272.31,272.2,271.96,270.56,269.25,267.65,265.83,265.76,267.15,267.95,267.82,267.07,266.68
279.46,279.7,279.91,280.11,280.28,280.45,280.53,280.56,280.42,280.15,280,279.71,278.97,275.31,272.24,270.85,270.03,270.37,270.79,271.21,271.9,272.66,272.71,272.45,271.9,271.17,270.24,269.62,268.92,268.94,269.2,270.77,270.91,271,271.46,272.15,272.26,272.21,271.96,272.27,272.52,272.43,272.65,272.79,272.47,271.9,271.86,271.93,271.85,271.9,272.24,272.42,272.76,272.68,272.4,272.47,272.54,272.78,272.48,272.58,273.17,271.96,269.11,267.26,268.17,267.45,267.14,267.54,267.83,267.76,267.51,266.99
279.9,280.14,280.35,280.55,280.71,280.73,280.54,280.29,280.06,280.08,279.94,279.15,275.69,272.96,272.25,271.49,272.15,272.6,273.21,272.69,272,272.96,273.44,273.18,273,272.76,272.28,271.37,270.25,269.61,269.54,269.92,270.26,270.5,271.35,272.29,272.51,272.19,272.45,272.62,272.28,271.87,271.99,272.23,272.02,271.56,271.81,271.82,271.95,271.97,272.07,272.84,273.21,273.33,273.2,272.77,273.06,273.09,272.63,271.13,268.95,268.85,269.88,270.29,269.65,268.78,268.06,268.21,267.83,267.47,267.02,266.36
280.37,280.57,280.77,280.96,280.86,280.41,279.98,279.95,280.26,279.66,275.86,273.88,274.21,273.71,273.77,274.22,274.35,273.77,273.11,273.25,273.44,274.03,273.96,273.78,273.7,273.15,272.49,271.82,271.21,270.83,270.38,270.4,270.66,270.99,271.2,271.32,272,272.23,271.53,270.85,271.43,271.75,272.01,271.74,271.92,271.96,271.75,271.99,272.09,272.5,272.74,273.15,273.03,273.12,273.29,273.17,273.22,273.29,272.7,271.68,272.17,273.11,272.64,271.14,269.29,268.64,268.81,268.61,268.14,267.05,265.72,264.28
280.76,280.97,281.16,281.13,280.53,279.7,279.77,279.96,277.94,273.45,272.83,272.37,271.37,271.81,274.45,275.74,275.44,275.41,275.2,275.23,274.94,274.83,274.86,274.52,273.52,272.93,272.78,272.47,272.07,271.73,271.48,270.9,270.63,270.72,270.87,270.82,270.35,270.23,270.48,270.91,270.74,270.96,271.81,272.37,272.03,272.16,272.24,272.19,272.46,272.94,273.37,273.49,273.39,273.24,273.36,273.37,273.39,273.37,272.51,271.73,273.27,273.29,272.94,271.79,270.2,269.43,269.21,269.47,268.72,267.09,265.3,263.41
281.13,281.34,281.39,281.09,280.11,278.79,275.03,272.88,271.78,271.49,269.87,271.47,271.69,273.11,274.11,274.99,275.02,275.91,276.2,275.62,275.42,275.35,274.7,274.17,273.67,273.36,273.07,272.92,272.88,272.89,272.68,271.98,271.27,271.31,271.92,271.94,271.37,270.76,270.63,270.66,270.57,271.06,271.82,272.76,272.94,273.24,273.03,272.93,273.28,273.51,273.55,273.52,273.55,273.56,273.43,273.48,273.37,273.4,273.05,271.94,273.01,272.79,271.89,270.58,270.28,269.49,269.9,270.56,269.9,268.34,266.79,265.24
281.54,281.55,281.28,280.98,280.2,278.68,273.66,272.72,270.06,268.36,271.26,273.69,275.04,274.91,275.47,275.17,274.35,276.12,276.16,275.9,275.83,275.76,275.29,274.88,274.27,273.87,273.81,273.69,273.56,273.56,273.39,274.02,273.8,273.14,272.35,272.44,272.34,271.45,271.04,270.95,270.62,271.44,272.03,271.55,271.9,273.05,273.2,273.29,273.2,273.34,273.59,273.73,273.53,273.52,273.59,273.51,273.38,273.35,272.84,271.6,272.49,272.03,271.73,270.68,269.46,268.42,268.79,270.25,271.04,269.99,268.48,267.15
281.71,281.46,281.28,281.03,280.63,279.97,275.92,271.49,271.67,273.14,275.75,276.77,276.96,275.61,273.85,273.98,275.2,275.74,275.69,275.98,276.19,276.1,275.84,275.32,274.95,274.65,274.52,274.5,274.41,273.46,273.79,273.95,273.77,273.37,272.1,270.93,271.27,271.33,271.26,271.09,270.6,270.65,271.81,272.78,273.02,273.14,273.06,273.32,273.66,273.74,273.53,273.61,273.54,273.66,273.57,273.66,273.6,273.39,272.45,272.25,273.49,272.54,271.81,270.97,270.37,269.84,269.5,270.37,271.04,270.82,270.15,269.45
281.49,281.43,281.32,281.04,280.9,280.66,278.32,273.11,272.92,276.07,278.9,278.38,275.75,276.92,276.85,275.71,275.95,275.93,276.21,276.75,276.56,276.17,275.85,275.3,274.77,274.01,273.91,274.29,273.51,273.24,273.3,273.35,273.08,272.31,271.34,271.53,271.58,271.75,271.46,271.1,271.51,271.45,271.99,272.95,273.24,273.33,273.58,273.55,273.69,274.04,273.69,273.7,273.53,273.53,273.55,273.68,273.59,273.34,272.5,272.36,273.56,273.64,272.8,271.45,271.03,270.34,270.17,270.74,270.75,270.71,270.25,269.07
