data/0600-temp-surface-level-gfs-1.0.json
{"header": {"discipline":0,"disciplineName":"Meteorological products","gribEdition":2,"gribLength":61598,"center":7,"centerName":"US National Weather Service - NCEP(WMC)","subcenter":0,"refTime":"2014-03-08T18:00:00.000Z","significanceOfRT":1,"significanceOfRTName":"Start of forecast","productStatus":0,"productStatusName":"Operational products","productType":1,"productTypeName":"Forecast products","productDefinitionTemplate":0,"productDefinitionTemplateName":"Analysis/forecast at horizontal level/layer at a point in time","parameterCategory":0,"parameterCategoryName":"Temperature","parameterNumber":0,"parameterNumberName":"Temperature","parameterUnit":"K","genProcessType":2,"genProcessTypeName":"Forecast","forecastTime":12,"surface1Type":103,"surface1TypeName":"Specified height level above ground","surface1Value":2,"surface2Type":255,"surface2TypeName":"Missing","surface2Value":0,"gridDefinitionTemplate":0,"gridDefinitionTemplateName":"Latitude_Longitude","numberPoints":65160,"shape":6,"shapeName":"Earth spherical with radius of 6,371,229.0 m","gridUnits":"degrees","resolution":48,"winds":"true","scanMode":0,"nx":360,"ny":181,"basicAngle":0,"subDivisions":0,"lo1":0,"la1":90,"lo2":359,"la2":-90,"dx":1,"dy":1}, "data":
[rows 0 to 31 of 181, columns 216 to 287 of 360]
250.17,250.17,250.17,250.17,250.17,250.17,250.17,250.17,250.17,250.17,250.17,250.17,250.17,250.17,250.17,250.17,250.17,250.17,250.17,250.17,250.17,250.17,250.17,250.17,250.17,250.17,250.17,250.17,250.17,250.17,250.17,250.17,250.17,250.17,250.17,250.17,250.17,250.17,250.17,250.17,250.17,250.17,250.17,250.17,250.17,250.17,250.17,250.17,250.17,250.17,250.17,250.17,250.17,250.17,250.17,250.17,250.17,250.17,250.17,250.17,250.17,250.17,250.17,250.17,250.17,250.17,250.17,250.17,250.17,250.17,250.17,250.17
250.09,250.1,250.11,250.12,250.12,250.13,250.14,250.14,250.15,250.15,250.16,250.16,250.16,250.17,250.17,250.18,250.18,250.18,250.18,250.18,250.18,250.18,250.17,250.17,250.17,250.17,250.17,250.17,250.17,250.17,250.17,250.17,250.17,250.17,250.17,250.17,250.17,250.18,250.18,250.18,250.18,250.18,250.18,250.18,250.18,250.18,250.18,250.18,250.18,250.18,250.18,250.18,250.18,250.18,250.18,250.18,250.18,250.18,250.19,250.19,250.19,250.19,250.19,250.19,250.2,250.2,250.2,250.2,250.2,250.21,250.21,250.21
250.22,250.24,250.25,250.27,250.27,250.28,250.28,250.29,250.3,250.31,250.32,250.33,250.34,250.35,250.36,250.37,250.38,250.4,250.42,250.44,250.45,250.46,250.47,250.48,250.49,250.49,250.49,250.5,250.5,250.51,250.52,250.54,250.55,250.56,250.55,250.53,250.52,250.51,250.49,250.47,250.46,250.44,250.43,250.42,250.42,250.41,250.39,250.36,250.33,250.3,250.28,250.27,250.26,250.25,250.24,250.22,250.21,250.2,250.18,250.18,250.18,250.17,250.17,250.18,250.18,250.19,250.2,250.2,250.22,250.23,250.25,250.26
250.93,250.93,250.92,250.91,250.9,250.89,250.88,250.94,250.99,251.05,251.09,251.13,251.16,251.2,251.24,251.28,251.28,251.29,251.29,251.28,251.27,251.25,251.23,251.2,251.17,251.14,251.11,251.08,251.06,251.04,251.02,251.01,251,250.99,250.98,250.98,250.97,250.98,250.99,250.99,250.96,250.94,250.91,250.89,250.86,250.83,250.84,250.85,250.85,250.83,250.82,250.8,250.78,250.76,250.75,250.73,250.71,250.69,250.69,250.67,250.67,250.68,250.68,250.68,250.69,250.7,250.71,250.73,250.75,250.77,250.8,250.83
251.78,251.74,251.69,251.66,251.62,251.59,251.56,251.54,251.51,251.5,251.5,251.51,251.5,251.48,251.47,251.46,251.45,251.45,251.43,251.41,251.39,251.36,251.33,251.3,251.27,251.23,251.19,251.16,251.16,251.15,251.14,251.13,251.13,251.13,251.13,251.14,251.15,251.17,251.17,251.18,251.19,251.19,251.2,251.21,251.22,251.24,251.26,251.29,251.32,251.35,251.37,251.38,251.38,251.37,251.38,251.39,251.37,251.35,251.33,251.31,251.28,251.24,251.21,251.18,251.15,251.11,251.08,251.04,251,250.97,250.94,250.91
251.49,251.34,251.27,251.24,251.17,251.08,251.1,251.13,251.16,251.17,251.23,251.29,251.38,251.46,251.49,251.5,251.46,251.45,251.49,251.53,251.57,251.63,251.69,251.75,251.81,251.85,251.89,251.94,252,252.08,252.15,252.19,252.23,252.26,252.29,252.29,252.33,252.38,252.42,252.45,252.48,252.49,252.5,252.49,252.47,252.44,252.4,252.34,252.28,252.2,252.13,252.05,251.96,251.9,251.82,251.75,251.68,251.62,251.56,251.51,251.45,251.38,251.31,251.24,251.17,251.1,251.02,250.94,250.89,250.84,250.77,250.71
248.8,249.2,249.64,250.18,250.56,250.87,251.12,251.33,251.48,251.58,251.66,251.69,251.68,251.63,251.51,251.37,251.16,251,250.88,250.86,250.83,250.83,250.81,250.8,250.77,250.75,250.73,250.72,250.72,250.72,250.75,250.82,250.88,250.95,251.02,251.11,251.21,251.29,251.38,251.48,251.59,251.69,251.74,251.78,251.8,251.8,251.79,251.77,251.76,251.76,251.76,251.76,251.77,251.77,251.76,251.76,251.76,251.76,251.73,251.69,251.65,251.6,251.55,251.5,251.44,251.4,251.36,251.32,251.31,251.29,251.31,251.34
242.93,242.97,242.81,242.69,242.67,242.74,242.82,242.91,242.95,242.9,242.93,243.22,243.49,243.74,243.98,244.38,244.86,245.4,245.96,246.56,247.17,247.78,248.31,248.76,249.13,249.41,249.64,249.84,249.99,250.11,250.22,250.31,250.38,250.45,250.51,250.56,250.62,250.67,250.72,250.75,250.78,250.81,250.84,250.88,250.92,250.98,251.02,251.02,250.98,250.95,250.92,250.87,250.73,250.49,250.13,249.62,249.11,248.64,248.29,248.1,248.09,248.33,248.77,249.14,249.37,248.67,247.37,245.76,244.92,244.61,244.56,244.6
240.34,240.54,240.72,240.87,241.05,241.43,241.79,242.21,242.65,242.94,242.94,243.12,243.38,243.65,244.08,244.54,245.03,245.49,245.86,246.05,246.17,246.32,246.44,246.45,246.42,246.37,246.31,246.25,246.25,246.29,246.4,246.52,246.65,246.74,246.78,246.82,246.89,247,247.14,247.3,247.51,247.76,248.07,248.43,248.79,249.03,249.06,248.91,248.58,248.07,247.4,246.71,246.08,245.32,244.04,244.45,245.65,244.61,240.7,240.05,240.62,241.61,242.6,243.3,243.63,244.03,244.6,245.55,247.09,249.22,251.91,254.04
245.99,245.7,245.45,245.25,245.15,245.16,245.24,245.28,245.41,245.53,245.56,245.56,245.59,245.67,245.79,245.92,246.06,246.17,246.22,246.24,246.23,246.2,246.16,246.12,246.07,246.01,245.93,245.82,245.8,245.87,245.99,246.17,246.38,246.48,246.37,246.24,246.3,246.53,246.82,247.12,247.27,247.14,246.64,245.83,244.87,244.02,243.67,244.04,244.96,245.29,241.04,237.88,239.96,244.66,243.62,243.5,244.42,245.19,244.07,242.1,241.93,242.99,245.01,248.23,251.08,252.28,251.49,250.25,249.03,246.12,241.62,238.8
247.76,247.5,247.25,246.89,246.61,246.37,246.22,246.18,246.31,246.33,246.41,246.42,246.48,246.5,246.51,246.45,246.53,246.66,246.64,246.58,246.53,246.42,246.28,246.12,245.95,245.77,245.56,245.34,245.11,244.88,244.66,244.51,244.47,244.55,244.75,245.02,245.31,245.58,245.79,245.87,245.77,245.37,244.5,243.43,242.4,241.58,242.14,244.28,245.22,240.14,240.38,245.44,244.26,240.41,240.8,242.93,241.93,247.01,237.35,237.07,241.54,247.81,242.02,238.13,240.3,242.95,244.06,245.92,248.22,249.7,249.27,248.66
247.59,247.42,247.21,247.09,246.94,246.63,246.41,246.23,246.32,246.64,247.06,247.5,247.85,247.98,247.98,247.89,247.65,247.38,247.08,246.78,246.5,246.2,245.88,245.61,245.34,245.06,244.75,244.38,243.99,243.61,243.34,243.37,243.42,243.42,243.11,242.54,242.13,242.31,243.26,245.3,245.06,244.98,245.07,244.55,244.31,243.86,243.43,243.41,243.62,243.85,241.64,239.12,240.5,239.5,237.39,243.58,248.97,250.21,251.41,247.64,241.7,239.52,237.28,236.93,237.49,237.99,238.58,238.86,252.43,252.93,248.44,243.97
247.25,247.08,246.5,246.08,245.88,245.83,246.07,246.41,246.72,247.01,247.13,247.31,247.51,247.6,247.57,247.37,247.11,246.8,246.45,246.04,245.62,245.14,244.65,244.23,243.83,243.5,243.33,243.52,243.98,244.13,244.56,244.75,244.08,244.12,244.47,244.29,243.47,242.89,243.18,244.44,246.02,246.99,246.68,245.87,243.91,243.59,244.16,243.29,243.32,243.69,244.45,245.09,244.12,240.71,245.95,246.39,245.68,242.67,239.45,235.25,234.97,236.02,235.64,235.77,236.21,238.66,242.25,250.95,253,254.32,254.86,254.29
246.71,246,244.94,243.92,243.3,243.44,243.78,244.21,244.43,244.73,244.87,245.14,245.36,245.31,245.25,244.96,244.79,244.52,244.19,243.8,243.39,242.9,242.57,242.56,241.63,240.69,240.29,240.48,241.66,243.48,244.39,244.93,245.36,245.59,245.64,245.41,244.45,243.65,242.91,242.52,242.18,242.34,243.21,243.81,243.69,243.98,244.23,244.4,242.77,242.47,243.77,244.34,244.43,244.19,243.71,241.98,238.49,237.32,235.54,234.79,236,239.88,240.07,239.49,242.77,248.29,251.75,253.23,254.96,257.4,259.75,261.35
244.01,243.19,242.54,241.34,240.69,240.67,240.73,240.88,240.87,240.82,240.74,240.54,240.24,239.86,239.39,238.85,238.3,237.69,237.45,237.84,238.52,239.26,239.52,242.96,240.93,245.03,244.34,245.79,235.76,235.56,238.6,240.96,243.1,244.69,245.02,243.5,244.17,244.18,242.48,241.7,241.96,243.73,247.33,246.74,245.31,243.54,244.66,247.52,248.6,248.83,246.63,243.65,240.15,240.16,244.07,246.47,246.05,245.03,244.13,244.66,245.9,247.47,249.76,252.31,253.03,253.78,254.26,254.94,256.21,258.04,259.8,260.62
243.3,242.6,242.31,242.24,242.36,242.82,243.26,243.59,243.61,243.18,242.27,240.94,239.54,238.1,236.51,235.52,234.96,236.08,236.15,236.01,236.75,238.22,239.51,240.93,241.61,242.79,243.38,244.33,244.16,243.81,243.91,238.25,240.72,241.07,241.1,242.63,242.9,242.11,242.97,243.56,243.54,244.57,246.04,247.56,247.73,247.9,250.16,250.57,248.98,246.9,245.62,245.16,242.1,241.15,241.15,240.43,240.83,241.6,243.14,244.97,241.85,244.42,243.63,240.95,242.22,251.05,253.54,254.71,255.72,256.75,257.44,257.7
245.14,244.67,244.37,244.11,244.25,244.71,245.05,245.69,245.89,245.19,243.94,242.57,241.4,240.23,239.79,239.3,239.11,239.07,238.91,239.06,238.73,233.46,231.32,229.1,230.72,230.27,229.77,235.61,242.25,242.85,242.76,242.55,242.17,242.21,242.3,242.71,243.22,243.4,242.48,241.78,242.2,242.55,242.73,242.63,242.42,242.82,243.56,244.01,243.79,242.84,241.6,241.63,241.71,242.63,243.69,244.66,245.14,245.02,245.02,245.76,246.74,246.65,246.67,247.52,247.7,248.39,248.1,247.11,247.02,247.38,247.97,248.44
245.35,244.2,243.47,243.07,242.92,242.92,243.77,245.05,245.68,246.47,246.72,245.61,243.85,242.2,241.11,240.75,241.18,241.44,241.37,242.32,238.65,232.25,227.99,228.8,230.37,234.36,238.17,239.16,238.39,240.39,243.54,242.57,242.83,243.28,243.43,245.27,245.46,244.48,243.77,242.13,240.51,239.62,239.52,240.94,240.24,238.43,241.91,244.61,243.26,239.85,240.01,240.58,240.17,241.1,240.59,237.57,240.02,241.56,243.99,240.39,234.41,239.22,241.01,240.19,243.69,237.36,237.5,237.78,242.81,244.99,246.14,246.37
246.57,245.48,245.02,244.62,243.88,243.55,243.99,245,246.24,247.81,249.03,249.1,248.16,246.01,243.69,242.39,242.25,242.44,242.36,241.94,239.56,237.55,237.07,239.03,243.34,243.19,238.11,233.48,232.15,232.55,231.94,232.36,235.97,238,240.77,244.84,247.18,241.39,237.56,239.47,240.75,240.18,239.92,240.62,237.65,234.71,235.62,238.47,242.61,238.39,241.37,241.8,240.88,241.1,240.58,238.48,240.03,241.49,245.54,246.16,240.07,234,233.46,235.07,233.22,233.25,234.31,239.83,239.72,239.03,241.52,244.24
245.31,245.02,244.87,244.85,244.61,244.7,245.03,245.83,246.49,246.76,247.24,248.34,249.29,249.09,248.2,246.33,244.65,243.85,243.08,240.56,241.18,242.37,244.33,245.32,245.15,244,239.27,238.21,236.62,235.81,236.87,237.11,237.49,238.74,239.99,238.28,233.31,230.2,233,236.79,240.82,241.13,239.84,239.57,238.05,236.94,236.79,237.02,229.81,230.9,233.72,237.44,241.09,241.53,242.69,242.66,240.65,235.97,237.47,240.43,242.32,242.82,242.38,242.09,241.01,236.99,237.26,238.19,238.72,235.99,234.91,235.21
245.69,245.59,245.97,246.4,246.87,247.3,247.4,247.6,248.16,248.97,248.42,247.69,247.83,250,251,253.23,248.86,247.89,248.27,248.43,248.15,247.07,246.27,247.18,246.81,245.97,245.02,243.13,242.59,240.63,238.63,235.14,231.94,232.98,235.66,236.19,235.54,235.38,236.56,236.75,237.73,239.13,239.33,238.32,238.26,238.66,242.34,240.11,234.75,233.63,233.62,233.77,242.35,243.76,242.56,241.59,242.49,245.4,247.89,248.47,244.1,243.1,242.17,244.5,245.07,247.07,248.84,241.31,238.74,237.73,240.54,237.84
240.45,242.04,242.43,242.07,242.62,245.54,248.55,249.59,249.9,248.24,248.32,251.14,249.46,244.73,240.17,238.28,236.04,236.85,237.11,239.29,240.43,235.78,236.92,240.52,242.62,244.96,247.79,248.77,249.09,249.79,248.7,243.83,240.82,239.8,239.24,239.44,241.39,246.07,247.25,243.47,241.04,243.34,247.12,246.32,244.55,237.67,234.68,232.72,235.95,243.03,234.72,230.73,232.19,243.24,248.67,245.93,242.9,241.82,242.78,243.15,243.12,245.12,248.07,250.89,251.58,251.1,251.16,249.43,247.49,245.29,241.07,242.5
244.39,244.97,244.04,241.58,244.16,244.36,243.24,240.78,243.94,247.39,246.86,245.43,244.71,243.5,241.86,239.45,239.81,237.73,237.83,237.26,240.53,241.37,241.14,241.01,241.06,239.69,235.48,237.42,242.02,248.27,252.57,253.71,253.46,252.84,253.16,254.68,253.71,249.58,245.75,246.49,247.28,249.45,251.28,250.4,248,248.84,247.02,246.3,247.45,242.6,237.41,231.35,229.95,236.51,240.92,243.77,246.61,245.71,242.85,241.19,241.36,243.72,248.39,250.84,251.07,251.18,250.56,250.4,251.52,253.24,250.76,247.84
249.13,247.25,245.11,243.97,244.85,246.8,241.37,246.06,243.86,246.17,245.48,243.3,242.25,241.33,242.26,241.57,242.02,240.8,241.45,240.93,241.07,240.32,241.99,243.54,245.56,233.44,233.66,233.5,232.74,233.3,235.14,236.52,239.12,242.02,242.05,244.34,251.26,252.7,250.12,247.57,246.23,245.57,245.43,245.26,245.19,244.72,242.92,243,243.48,242.41,240.46,238.12,234.29,235.21,239.56,238.97,241.5,244.72,244.04,242.93,243.13,243.98,247.25,249.93,250.18,249.73,249.24,249.16,249.19,248.68,246.55,243.91
241.12,238.09,235.29,244.26,242.92,242.81,244.07,243.38,243.55,243.58,243.92,243.11,241.06,242.81,244.62,244.85,243.58,241.81,245.8,247.04,248.07,248.21,249.86,251.34,251.26,247.56,240.1,236.09,238.08,243.5,237.71,243.07,241.11,240.14,243.77,243.36,242.49,240.93,243.09,243.45,243.37,243.13,242.48,242.44,243.42,243.2,243.71,244,242,239.4,238.14,237.64,236.78,235.13,239.69,239.99,240,243.05,246.65,247.63,251.01,252.01,251.06,249.5,247.8,246.32,246.04,246.58,246.31,244.23,243.25,237.88
235.67,233.55,233.33,242.27,241.36,238.85,235,241.58,239.38,238.84,243.18,245.78,246.21,246.45,246.29,247.4,247.48,249.89,250.61,250.3,250.45,251.4,251.89,251.43,249.31,245.85,241.83,240.17,235.96,235.38,237.92,239.23,238.82,241.73,242.45,242.51,242.94,242.55,242.21,242.6,242.88,242.66,242.85,242.38,241.32,243.71,244.77,244.89,243.56,245.03,243.13,239.65,238.75,239.45,239.85,240.54,241.59,243.81,243.14,243.63,246.29,250.18,249.36,246.86,246.15,246.63,246.58,243.79,244.75,246.37,245.39,243.49
247.79,244.66,246.77,247.9,250.93,250.04,250.14,248.09,249.7,250.78,254.4,256.59,256.18,254.58,253.52,252.22,250.43,248.4,250.18,252.06,251.77,251.33,252.58,251.05,251.06,249.84,249.05,247.18,245.78,241.38,238.9,237.34,237.62,238.27,240.82,243.7,243.73,243.54,242.51,242.86,242.96,242.48,240.6,241.97,242,244.04,244.73,244.98,246.88,248.02,245.06,241.64,240.34,239.73,241.98,244.39,246.59,245.54,242.8,241.47,243.06,246.82,246.56,247.93,249.04,248.96,249.24,251.33,253.17,253.96,253.74,251.89
248.34,245.53,247.19,249.01,246.81,246.32,252.48,255.63,256.4,257.03,256.98,254.36,256.36,259.18,260.71,261.47,259.61,255.81,251.82,249.87,251.36,252.99,253.7,253.33,252.9,251.98,250.81,248.82,246.14,248.03,243.23,241.95,240.53,240.1,240.74,237.29,242.87,243.69,244.18,244.35,243.89,244.79,245.67,243.18,244.16,245.69,241.09,244.06,244.21,243.93,242.9,242.56,242.29,244.51,247.51,247.28,247.98,249.13,248.07,245.87,244.38,243.98,246.11,248.46,249.7,250.32,251.78,253.38,253.36,252.24,251.01,250.49
254.64,254.29,251.5,249.64,248.34,247.98,249.7,254.69,257.35,259.18,260.77,261.24,259.37,260.82,261.85,261.91,261.73,260.53,260,257.66,254.03,253.06,254.67,255.58,252.8,251.82,251.66,251.1,250.9,252.07,252.03,249.93,248.34,241.96,237.8,236.94,236.32,236.86,239.96,241.01,243.28,243.41,240.58,242.21,242.82,243.2,241.27,241.12,241.52,240.13,241.43,245.4,249.54,249.49,247.53,246.16,245.71,246.04,246.72,246.64,245.81,245.66,246.08,245.64,247.24,250.45,250.79,247.61,246.24,247.01,246.69,247.14
260.5,264.32,264.78,262.31,259.7,253.18,254.7,257.39,256.83,259.65,264.34,266.35,262.82,260.45,260.74,263.38,262.37,262.85,262.3,260.22,256.16,254.52,252.8,253.41,252.69,252.66,252.5,253.32,254.51,253.51,252.29,251.13,248.66,245.88,242.9,240.44,238.69,237.41,236.89,236.41,237.18,237.68,238.11,238.21,239.21,239.96,241.88,238.81,240.81,242.34,245.39,245.79,245.21,245.24,245.85,246.24,246.01,245.67,245.5,245.68,246.45,247.2,247.58,248.4,249.57,250.58,250.32,248.44,248.08,248.29,247.84,247.17
276.89,278.11,274.95,273.37,269.97,263.35,260.16,262.49,264.63,264.4,265.27,267.2,265.8,261.66,260.5,263.49,266.35,265.29,260.32,255.84,256.93,255.2,258.06,255.88,252.57,257.12,255.76,247.24,254.92,255.31,254.06,251.98,250.2,249.56,245.01,241.89,240.76,240.06,239.57,238.98,239.04,238.54,238.41,238.01,241.63,242.9,242.27,239.88,243.56,247.91,248.97,247.06,245.61,245.3,245.17,245.08,245.36,245.96,246.35,246.77,247.03,247.22,247.75,248.32,249.25,249.29,251.1,251.33,250.74,250.37,249.82,249.02
277.76,278.6,278.65,278.99,279.14,278.52,273.09,268.79,271.51,272.65,267.64,266.78,265.63,265.1,264.89,266.61,268.19,267.91,265.97,262.14,259.48,259.69,260.41,258.77,258.05,257.28,257.07,259.3,258.91,253.56,250.16,248.54,244.4,248.09,253.16,254.4,253.17,248.29,250.01,250.01,249.69,246.81,244.5,245.32,244.04,247.01,246.7,247.16,251,250.81,248.69,246.09,246.08,246.33,246.27,246.04,246,245.95,245.87,246.55,247.02,247.71,248.35,248.52,248.33,249,250.7,251.26,250.56,250.02,249.5,249.46
