data/0600-temp-surface-level-gfs-1.0.json
{"header": {"discipline":0,"disciplineName":"Meteorological products","gribEdition":2,"gribLength":61598,"center":7,"centerName":"US National Weather Service - NCEP(WMC)","subcenter":0,"refTime":"2014-03-08T18:00:00.000Z","significanceOfRT":1,"significanceOfRTName":"Start of forecast","productStatus":0,"productStatusName":"Operational products","productType":1,"productTypeName":"Forecast products","productDefinitionTemplate":0,"productDefinitionTemplateName":"Analysis/forecast at horizontal level/layer at a point in time","parameterCategory":0,"parameterCategoryName":"Temperature","parameterNumber":0,"parameterNumberName":"Temperature","parameterUnit":"K","genProcessType":2,"genProcessTypeName":"Forecast","forecastTime":12,"surface1Type":103,"surface1TypeName":"Specified height level above ground","surface1Value":2,"surface2Type":255,"surface2TypeName":"Missing","surface2Value":0,"gridDefinitionTemplate":0,"gridDefinitionTemplateName":"Latitude_Longitude","numberPoints":65160,"shape":6,"shapeName":"Earth spherical with radius of 6,371,229.0 m","gridUnits":"degrees","resolution":48,"winds":"true","scanMode":0,"nx":360,"ny":181,"basicAngle":0,"subDivisions":0,"lo1":0,"la1":90,"lo2":359,"la2":-90,"dx":1,"dy":1}, "data":
[rows 128 to 159 of 181, columns 72 to 143 of 360]
290.88,290.89,290.57,290.25,290,289.78,289.5,289.33,289.34,289.43,289.44,289.51,289.47,289.36,289.18,289.01,288.99,289.1,289.12,289.07,289.02,288.89,288.66,288.43,288.73,288.93,289.1,289.16,289.23,289.33,289.31,289.24,289.2,289,288.92,289.06,288.73,288.8,288.79,288.72,288.87,288.95,288.98,288.89,288.99,289.11,289.45,289.82,290.31,290.62,290.93,290.98,291.05,291.1,290.85,290.73,290.38,290.1,289.99,290.7,291.41,291.24,291.42,291.55,291.82,292.18,292.61,292.77,294.2,301.71,304.99,304.8
290,290.11,289.91,289.67,289.35,289.01,288.79,288.8,288.98,288.91,288.74,288.67,288.56,288.35,288.22,288.12,288.13,288.09,288.01,287.97,287.9,287.86,287.74,287.64,287.94,288.24,288.41,288.53,288.62,288.6,288.59,288.35,288.11,288.18,288.01,287.94,287.93,287.89,287.89,287.97,287.99,288.05,288.09,288.24,288.47,288.61,288.72,288.91,289.27,289.57,289.88,290.35,290.47,290.4,290.42,290.32,290.13,289.81,289.6,289.7,290.66,291.02,290.93,291,291.02,291.43,291.89,292.12,292.82,293.66,293.56,294.33
289.28,289.13,288.96,288.76,288.53,288.24,288.06,288.13,288.13,288.06,288.12,287.98,287.69,287.45,287.35,287.26,287.16,286.88,286.73,286.61,286.48,286.48,286.51,286.83,287.11,287.37,287.64,287.85,287.89,287.8,287.81,287.71,287.38,287.3,287.22,287.27,287.18,287.09,287.04,286.93,287.15,287.35,287.5,287.49,287.66,287.78,287.94,288.09,288.27,288.71,288.96,289.34,289.74,289.76,289.69,289.84,289.75,289.51,289.19,289.09,289.49,290.45,290.48,290.51,290.48,290.62,291.09,291.46,291.76,292.2,292.39,292.44
288.64,288.28,288.01,287.8,287.66,287.59,287.51,287.51,287.47,287.44,287.36,287.17,286.94,286.64,286.44,286.27,286.11,285.98,285.83,285.72,285.7,285.81,285.8,285.93,286.33,286.61,286.85,287.07,287.11,287.07,287.06,287.05,286.79,286.7,286.69,286.59,286.49,286.43,286.27,286.34,286.43,286.55,286.26,286.16,286.75,286.8,286.84,286.99,287.21,287.45,287.86,288.28,288.83,288.95,288.94,289.14,289.23,289.08,288.81,288.61,288.64,289.33,289.99,289.94,290.03,290.02,290.2,290.51,290.91,291.34,291.35,291.08
288.03,287.57,287.27,287.03,286.83,286.71,286.7,286.79,286.75,286.73,286.69,286.54,286.3,285.98,285.83,285.72,285.55,285.39,285.29,285.22,285.25,285.36,285.38,285.46,285.58,285.82,286.1,286.29,286.37,286.41,286.43,286.43,286.39,286.19,286.05,285.96,285.82,285.64,285.61,285.63,285.63,285.53,285.39,285.69,285.75,285.72,285.75,286.02,286.23,286.41,286.62,287.1,287.63,288.05,288.19,288.27,288.56,288.51,288.39,288.15,288.08,288.28,289.03,289.41,289.42,289.48,289.51,289.64,289.89,290.18,290.12,290.21
287.37,286.85,286.54,286.33,286.07,285.91,285.92,286.03,286.02,285.91,285.93,285.98,285.76,285.47,285.24,285,284.83,284.75,284.7,284.63,284.61,284.65,284.65,284.65,284.78,285,285.18,285.37,285.54,285.67,285.74,285.77,285.72,285.5,285.32,285.2,285.07,284.99,284.94,284.91,284.83,284.51,284.59,284.94,284.77,284.71,285.11,285.05,285.19,285.53,285.89,286.29,286.67,287.12,287.41,287.58,287.85,287.88,287.84,287.72,287.57,287.58,287.89,288.6,288.79,288.86,288.93,289.01,289.09,289.27,289.48,289.75
286.4,285.88,285.65,285.46,285.23,285.05,285.03,285.05,285.07,285.16,285.2,285.17,285.02,284.82,284.58,284.43,284.42,284.37,284.27,284.16,284.17,284.19,284.11,284.04,284,283.98,284.06,284.24,284.47,284.68,284.81,284.88,284.92,284.82,284.58,284.3,284.12,284.23,284.09,283.91,283.74,283.75,284.13,284.21,283.86,284.21,283.96,284.02,284.31,284.37,284.82,285.25,285.67,286.49,286.74,286.88,287.06,287.19,287.2,287.13,287.02,286.94,287,287.51,288.15,288.3,288.42,288.54,288.53,288.59,288.77,289.01
285.07,284.66,284.5,284.35,284.19,284.05,283.99,284.14,284.29,284.23,284.15,284.08,284.1,284.14,283.99,283.92,283.94,283.78,283.61,283.54,283.49,283.43,283.36,283.28,283.24,283.19,283.15,283.13,283.33,283.56,283.74,283.85,283.96,283.89,283.75,283.55,283.36,283.04,282.91,283.08,283.15,283.24,283.08,283.19,283.51,283.42,283.36,283.77,283.77,283.98,284.18,284.75,285.05,285.45,286.06,286.28,286.24,286.38,286.53,286.52,286.4,286.28,286.25,286.51,287.2,287.79,287.93,288.06,288.04,288.09,288.15,288.2
283.83,283.53,283.42,283.33,283.23,283.09,283.03,283.05,283.08,283.03,283.01,283.13,283.36,283.32,283.28,283.28,283.17,282.96,282.87,282.75,282.63,282.57,282.4,282.33,282.35,282.25,282.28,282.27,282.34,282.52,282.7,282.85,282.99,283.05,282.7,282.47,282.2,282.12,282.25,282.36,282.18,282.28,282.61,282.7,282.89,282.8,282.77,283.07,283,283.32,283.53,284.05,284.54,284.82,285.18,285.45,285.61,285.61,285.78,285.86,285.79,285.65,285.6,285.78,286.2,287.02,287.39,287.45,287.57,287.69,287.61,287.53
282.56,282.4,282.41,282.42,282.31,282.15,282.1,282.05,281.99,281.99,282.1,282.29,282.28,282.19,282.33,282.33,282.26,282.2,282.12,281.98,281.82,281.62,281.42,281.3,281.24,281.24,281.26,281.26,281.39,281.52,281.67,281.78,281.92,281.95,281.46,281.38,281.18,281.33,281.32,281.28,281.36,281.74,281.83,281.72,281.71,281.81,282.01,282.28,282.38,282.72,283.1,283.39,283.87,284.26,284.57,284.81,284.93,284.93,284.99,285.14,285.17,285.05,284.97,285.11,285.4,285.96,286.7,286.84,286.88,286.94,286.84,286.84
281.5,281.25,281.41,281.36,281.23,281.22,281.16,281.04,281.22,281.44,281.31,281.17,281.18,281.32,281.48,281.56,281.5,281.1,280.69,280.54,280.36,280.27,280.25,280.23,280.24,280.29,280.36,280.41,280.45,280.52,280.66,280.75,280.82,280.66,280.41,280.49,280.48,280.42,280.36,280.45,280.75,280.74,280.73,280.83,280.96,281.21,281.37,281.54,281.9,282.08,282.23,282.57,283.05,283.49,283.75,284.02,284.2,284.28,284.3,284.39,284.5,284.45,284.36,284.46,284.7,284.97,285.55,286.15,286.11,286.11,286.06,286.06
281,280.34,280.26,280.22,280.32,280.3,280.25,280.33,280.57,280.64,280.42,280.18,280.13,280.36,280.38,280.2,279.93,279.67,279.58,279.56,279.6,279.63,279.65,279.68,279.74,279.82,279.82,279.8,279.83,279.83,279.84,279.88,279.92,279.6,279.58,279.63,279.56,279.51,279.69,279.94,279.94,279.78,279.81,279.88,279.97,280.22,280.59,280.95,281.3,281.53,281.7,281.9,282.21,282.63,282.93,283.18,283.39,283.56,283.67,283.74,283.83,283.84,283.74,283.77,283.91,284.09,284.3,284.84,285.35,285.24,285.21,285.2
280.22,279.74,279.84,279.6,279.67,279.62,279.53,279.36,279.3,279.08,278.91,278.85,279.07,279.22,279.1,278.91,278.84,278.88,278.92,278.93,278.93,278.89,278.9,278.98,279,279.09,279.17,279.17,279.15,279.09,279.07,279.1,278.97,278.82,278.95,278.9,278.84,278.9,279.2,279.23,279.08,279.07,279.01,279.09,279.48,279.6,279.78,280.07,280.43,280.77,281.04,281.29,281.55,281.82,282.1,282.34,282.63,282.78,282.91,283.04,283.14,283.16,283.05,283,283.04,283.17,283.34,283.49,283.91,284.48,284.5,284.39
279.12,278.98,278.96,278.84,278.93,278.58,278.43,278.41,278.05,277.75,277.71,277.81,277.8,277.72,277.9,278.14,278.26,278.3,278.32,278.34,278.28,278.3,278.33,278.36,278.37,278.33,278.34,278.38,278.41,278.49,278.49,278.45,278.3,278.3,278.36,278.33,278.3,278.5,278.59,278.38,278.27,278.24,278.38,278.55,278.59,278.62,278.89,279.24,279.53,279.73,279.99,280.37,280.77,281.04,281.22,281.56,281.86,281.99,282.18,282.33,282.5,282.53,282.36,282.25,282.23,282.29,282.41,282.55,282.59,282.84,283.3,283.75
278.81,278.5,278.46,278.31,278.19,277.96,277.47,277.01,276.74,276.69,276.71,276.79,277.07,277.37,277.52,277.57,277.6,277.67,277.68,277.77,277.79,277.82,277.73,277.7,277.74,277.74,277.82,277.9,278.03,278.07,278.04,277.92,277.88,277.89,277.81,277.83,277.94,278.09,277.93,277.71,277.59,277.5,277.89,278.15,277.95,278.1,278.33,278.47,278.75,279.25,279.51,279.72,280.08,280.38,280.62,280.92,281.14,281.38,281.57,281.71,281.93,281.95,281.68,281.58,281.5,281.47,281.51,281.56,281.65,281.78,281.87,282.07
278.6,278.1,277.59,277.31,276.85,276.48,276.35,276.21,276.09,276.09,276.27,276.5,276.64,276.7,276.8,276.88,276.94,277.04,277.11,277.12,277.19,277.22,277.33,277.47,277.47,277.39,277.44,277.47,277.49,277.46,277.48,277.42,277.38,277.36,277.39,277.57,277.74,277.63,277.29,277.19,277.1,277.04,277.23,277.54,277.74,277.83,277.91,278.03,278.17,278.73,279.11,279.26,279.56,279.83,280.1,280.32,280.58,280.92,281.26,281.54,281.56,281.27,281.06,281.01,280.9,280.76,280.67,280.68,280.6,280.5,280.63,280.86
277.2,276.78,276.44,276.32,276.2,276.05,275.9,275.8,275.72,275.64,275.71,275.89,276.02,276.13,276.26,276.31,276.46,276.51,276.54,276.6,276.69,276.77,276.92,276.99,276.98,276.88,276.91,276.94,276.87,276.77,276.82,276.89,276.91,276.86,276.95,277.03,276.92,276.76,276.62,276.52,276.58,276.88,277.25,277.61,277.77,277.62,277.59,277.85,277.89,278.35,278.82,278.92,279.07,279.39,279.71,279.96,280.26,280.55,280.61,280.5,280.42,280.46,280.46,280.39,280.28,280.21,280.12,280.03,279.93,279.74,279.61,279.58
276.21,276.15,276.05,275.91,275.74,275.59,275.47,275.39,275.32,275.29,275.34,275.47,275.64,275.79,275.94,276.06,276.11,276.11,276.11,276.15,276.23,276.32,276.44,276.5,276.48,276.41,276.38,276.37,276.24,276.15,276.18,276.22,276.22,276.31,276.37,276.18,276.04,275.89,275.61,275.61,275.88,276.21,276.69,276.9,276.92,277.08,277.33,277.66,277.78,278.1,278.57,278.65,278.6,278.7,278.85,279.02,279.23,279.44,279.58,279.71,279.82,279.84,279.84,279.85,279.78,279.67,279.52,279.36,279.17,279,278.93,278.9
275.72,275.71,275.63,275.51,275.4,275.31,275.28,275.27,275.22,275.16,275.16,275.25,275.4,275.55,275.68,275.79,275.84,275.83,275.83,275.87,275.91,275.93,276.01,276.06,275.99,275.88,275.88,275.86,275.69,275.6,275.58,275.61,275.75,275.9,275.78,275.57,275.44,275.21,275.09,275.31,275.57,275.82,276.08,276.35,276.58,277,277.4,277.6,277.73,277.9,278.11,278.15,278.21,278.39,278.53,278.51,278.56,278.74,278.96,279.19,279.34,279.4,279.38,279.3,279.13,278.94,278.79,278.63,278.45,278.29,278.23,278.2
275.23,275.22,275.16,275.14,275.08,275.03,275.02,275.01,274.96,274.94,274.96,275.02,275.15,275.3,275.44,275.56,275.61,275.57,275.57,275.57,275.59,275.63,275.66,275.67,275.59,275.45,275.47,275.36,275.21,275.16,275.2,275.28,275.41,275.42,275.26,275.18,275.18,275.21,275.34,275.43,275.48,275.58,275.68,275.73,275.85,276.59,277.29,277.21,277.32,277.5,277.62,277.66,277.71,277.87,277.88,277.73,277.76,277.78,277.71,277.92,278.26,278.46,278.53,278.5,278.42,278.3,278.19,278.07,277.85,277.63,277.55,277.56
274.73,274.85,274.8,274.75,274.7,274.68,274.71,274.71,274.68,274.66,274.66,274.72,274.78,274.92,275.07,275.22,275.27,275.32,275.38,275.38,275.4,275.38,275.37,275.37,275.32,275.2,275.1,274.96,274.89,274.87,274.95,275.01,274.93,274.83,274.93,275.09,275.15,275.2,275.34,275.38,275.25,275.16,275.24,275.35,275.3,275.64,276.34,276.49,276.71,276.88,276.94,277.1,277.23,277.33,277.42,277.46,277.52,277.59,277.61,277.61,277.66,277.74,277.81,277.79,277.69,277.61,277.5,277.43,277.35,277.23,277.09,276.98
274.4,274.4,274.42,274.41,274.37,274.36,274.41,274.43,274.38,274.3,274.29,274.34,274.43,274.6,274.72,274.89,275.03,275.11,275.11,275.13,275.15,275.11,275.09,275.08,275.02,274.94,274.82,274.73,274.68,274.67,274.7,274.63,274.45,274.42,274.68,275.03,275.29,275.33,275.17,274.91,274.63,274.41,274.38,274.55,274.78,275.07,275.59,276.2,276.45,276.5,276.62,276.71,276.8,276.83,276.8,276.76,276.8,276.87,276.93,277.06,277.24,277.34,277.27,277.13,277.05,276.96,276.88,276.82,276.8,276.76,276.72,276.58
274,273.93,273.83,273.7,273.68,273.81,274,274.12,274.15,274.1,274.07,274.07,274.19,274.33,274.43,274.6,274.77,274.9,274.93,274.93,274.93,274.9,274.9,274.97,274.94,274.82,274.74,274.69,274.49,274.1,273.86,273.88,274.05,274.21,274.4,274.5,274.37,274.03,273.6,273.3,273.19,273.31,273.49,273.67,273.98,274.32,274.69,275.37,276.04,276.2,276.18,276.21,276.18,276.14,276.13,276.13,276.21,276.44,276.71,276.78,276.7,276.64,276.6,276.58,276.54,276.46,276.4,276.35,276.28,276.16,276.17,276.23
272.68,272.79,272.94,273.01,273.11,273.28,273.48,273.7,273.86,273.9,273.89,273.92,274.08,274.15,274.18,274.3,274.43,274.52,274.48,274.32,274.28,274.34,274.36,274.37,274.4,274.47,274.56,274.46,274,273.57,273.49,273.49,273.29,272.99,272.85,272.91,273.05,272.9,272.33,271.96,271.93,271.96,272.07,272.31,272.69,273.15,273.52,273.91,274.7,275.59,275.85,275.8,275.74,275.68,275.64,275.63,275.84,276.22,276.39,276.24,276.13,276.16,276.08,275.85,275.55,275.3,275.23,275.26,275.34,275.46,275.55,275.75
271.95,272.17,272.23,272.32,272.58,273.02,273.47,273.69,273.78,273.84,273.88,273.96,274,273.97,273.97,274.04,274.05,273.99,273.94,273.85,273.73,273.69,273.68,273.69,273.73,273.78,273.66,273.37,273.3,273.35,273.03,272.38,271.87,271.84,272.13,272.5,272.82,272.59,271.76,271.3,271.36,271.44,271.51,271.6,271.75,272,272.4,272.71,273.04,274.22,275.26,275.38,275.21,275.16,275.16,275.25,275.46,275.76,275.83,275.48,275.08,274.6,273.97,273.8,274.05,274.29,274.58,274.99,275.25,275.33,275.36,275.37
270.79,271.24,271.58,271.92,272.29,272.64,272.95,273.17,273.4,273.56,273.5,273.36,273.27,273.26,273.32,273.44,273.6,273.63,273.35,272.98,272.72,272.49,272.25,272.05,271.9,271.72,271.46,271.19,270.88,270.42,269.78,269.41,269.62,269.95,270.02,270.41,271.55,272.33,271.89,271.09,271.09,271.18,271.36,271.66,272.05,272.29,272.42,272.55,272.52,272.93,274.03,274.76,274.79,274.83,274.89,274.67,274.45,274.1,273.29,272.45,272.3,272.29,272.16,272,271.88,272.1,272.86,273.85,274.49,274.68,274.69,274.65
269.48,270.18,270.63,270.77,270.87,271.21,271.62,271.8,271.71,271.51,271.32,271.2,271.07,270.93,270.82,270.81,270.82,270.71,270.42,270.06,269.57,269.02,268.54,268.12,267.8,267.57,267.38,267.09,266.76,266.59,266.74,267.03,267.34,267.79,268.51,269.62,270.87,271.21,270.34,270.08,270.43,270.99,271.67,272.29,272.78,273.05,272.98,272.79,272.69,272.64,272.92,273.5,273.79,273.47,272.86,272.17,271.54,270.94,270.51,270.25,269.96,269.59,269.26,269.19,269.41,269.56,269.71,270.29,271.34,272.38,273.18,273.68
268.1,268.69,268.92,268.86,268.92,268.97,268.75,268.5,268.42,268.47,268.62,268.69,268.53,268.38,268.26,268.06,267.69,267.24,266.79,266.28,265.7,265.06,264.23,262.8,260.83,261.17,262.9,264.65,265.24,265.18,265.19,265.8,267.01,268.44,269.67,270.65,270.75,270.01,269.35,269.41,269.7,270.01,270.45,271.22,272.01,272.48,272.47,272.3,272.22,272.35,272.48,272.36,271.82,271.06,270.49,270.13,269.84,269.61,269.43,269.13,268.82,268.29,267.95,267.59,267.43,267.45,267.43,267.32,267.26,267.32,267.59,268.17
265.53,266.57,267.05,266.77,266.57,266.68,266.53,265.88,264.41,262.17,259.97,261.36,262.43,262.48,262.02,261.94,263.31,265.06,265.08,264.85,264.53,264.16,263.34,261.31,258.58,258.88,260.51,261.36,262.1,263.37,263.68,264.09,266.75,268.04,269.25,269.55,269.71,269.54,269.77,269.79,268.06,265.72,267.92,269.33,269.82,270.43,270.92,271.03,270.66,270.02,269.05,268.43,268.08,267.98,267.88,267.9,268.64,269.09,268.2,268.71,270.14,268.96,268.54,266.27,269.42,269.15,268.55,267.41,266.44,265.62,265.15,264.42
258.42,260.01,261.91,263.69,264.86,265.21,264.64,263.37,262.18,261.11,259.6,258.26,258.51,258.38,258.2,257.52,256.49,256.82,256.51,254.49,254.29,255.11,255.91,255.63,255.81,254.72,255.31,259.41,261.31,259.38,259.03,257.95,256.91,256.7,257.11,259.31,261.93,263.41,263.58,264.01,261.76,259.77,262.69,266.7,268.38,268.27,268.63,268.74,268.39,268.16,267.03,265.04,262.83,260.4,258.69,262.52,264.67,265.49,261.32,258.27,256.81,257.08,259.09,259.64,259.78,259.59,259.99,260.27,260.98,260.84,261.59,261.39
255.21,255.68,257.46,260.09,262.38,263.25,263.26,262.92,261.3,258.47,255.79,254.35,252.88,251.34,250.41,249.6,249.57,249.23,248.28,247.66,247.2,246.87,246.91,246.82,246.22,245.27,247.24,251.28,251.89,251.68,250.99,249.93,249.19,249.38,250.25,250.86,251.44,252.05,252.29,253.51,255.65,257.32,258.14,257.97,257.55,257.55,258.16,258.05,256.99,255.33,254,252.92,251.62,250.97,250.81,251.27,251.87,252.57,253.02,252.95,252.11,250.79,250.01,250.04,250.71,251.37,251.64,251.88,252.32,253.13,253.16,254.41
251.98,253.55,257.11,260.43,262.7,263.69,260.47,255.87,252.93,250.3,248.61,247.65,246.65,245.87,245.12,244.96,245.04,244.58,243.92,243.43,242.83,242.08,241.58,241.38,241.02,241.09,242,243.63,245.26,245.57,245.24,244.66,244.86,245.59,246.39,246.95,246.99,246.76,247.02,247.85,248.66,249.11,249.49,249.86,250.07,250.09,249.95,249.66,249.33,248.86,248.21,247.4,246.52,245.82,245.61,245.68,245.88,246.31,246.34,246.17,245.2,244,242.59,242.05,242.61,243.44,244.45,245.25,245.75,246.06,246.31,246.7
