data/0600-temp-surface-level-gfs-1.0.json
{"header": {"discipline":0,"disciplineName":"Meteorological products","gribEdition":2,"gribLength":61598,"center":7,"centerName":"US National Weather Service - NCEP(WMC)","subcenter":0,"refTime":"2014-03-08T18:00:00.000Z","significanceOfRT":1,"significanceOfRTName":"Start of forecast","productStatus":0,"productStatusName":"Operational products","productType":1,"productTypeName":"Forecast products","productDefinitionTemplate":0,"productDefinitionTemplateName":"Analysis/forecast at horizontal level/layer at a point in time","parameterCategory":0,"parameterCategoryName":"Temperature","parameterNumber":0,"parameterNumberName":"Temperature","parameterUnit":"K","genProcessType":2,"genProcessTypeName":"Forecast","forecastTime":12,"surface1Type":103,"surface1TypeName":"Specified height level above ground","surface1Value":2,"surface2Type":255,"surface2TypeName":"Missing","surface2Value":0,"gridDefinitionTemplate":0,"gridDefinitionTemplateName":"Latitude_Longitude","numberPoints":65160,"shape":6,"shapeName":"Earth spherical with radius of 6,371,229.0 m","gridUnits":"degrees","resolution":48,"winds":"true","scanMode":0,"nx":360,"ny":181,"basicAngle":0,"subDivisions":0,"lo1":0,"la1":90,"lo2":359,"la2":-90,"dx":1,"dy":1}, "data":
[rows 64 to 95 of 181, columns 144 to 215 of 360]
293.4,293.14,292.8,292.33,291.95,291.58,291.18,290.8,290.59,290.74,291.26,291.37,292.13,292.1,292.03,291.81,291.58,291.43,291.41,291.52,291.63,291.68,291.66,291.68,291.77,292.07,292.16,292.32,292.59,293,293.5,294.24,295.1,295.64,295.62,295.71,295.6,295.27,295.08,295.21,294.98,294.51,294.1,293.74,293.51,293.38,293.39,293.42,293.21,292.82,292.52,292.31,292.21,292.17,292.15,292.17,292.1,292.01,292.11,292.13,292.03,291.96,292,292.11,292.22,292.34,292.59,292.92,293.27,293.33,293.38,293.75
294.06,293.77,293.47,293.23,292.92,292.52,292.05,291.59,291.37,291.67,292.17,292.24,292.78,292.8,292.93,292.8,292.65,292.53,292.51,292.58,292.66,292.52,292.52,292.82,292.98,293.17,293.47,293.71,293.95,294.45,295.04,295.6,296.04,296.25,296.37,296.43,296.28,296.01,295.94,295.75,295.63,295.24,294.87,294.54,294.17,293.92,293.85,293.8,293.72,293.58,293.29,293.06,292.99,293.03,293.03,293.03,292.96,292.85,292.88,292.95,292.93,292.93,292.97,293.09,293.18,293.42,293.74,293.92,294.09,294.24,294.21,294.62
294.71,294.44,294.07,293.9,293.57,293.27,292.9,292.58,292.46,292.77,293.18,293.35,293.54,293.75,293.99,294,293.87,293.71,293.65,293.76,293.87,293.86,293.89,293.89,294.18,294.57,294.84,295.03,295.34,295.8,296.2,296.34,296.66,296.88,296.98,297.04,296.96,296.67,296.31,296.24,296.06,295.78,295.48,295.22,294.98,294.49,294.34,294.23,294.17,294.16,294.01,293.82,293.76,293.78,293.79,293.83,293.76,293.68,293.74,293.85,293.86,293.91,293.98,294.07,294.25,294.48,294.62,294.84,295.09,295.08,295.26,295.23
295.59,295.28,294.96,294.69,294.41,294.06,293.86,293.75,293.72,293.83,294.05,294.24,294.46,294.73,295.04,295.13,295.01,294.9,294.81,294.88,295,295.02,295.05,295.18,295.45,295.75,295.87,296.1,296.38,296.73,297,297.07,297.28,297.39,297.43,297.65,297.41,296.96,296.71,296.58,296.48,296.28,296.04,295.82,295.66,295.21,295.08,294.93,294.84,294.83,294.75,294.64,294.53,294.43,294.43,294.54,294.5,294.49,294.63,294.8,294.86,294.91,294.93,295.02,295.11,295.24,295.54,295.73,295.54,295.6,295.77,295.62
296.23,295.97,295.89,295.69,295.4,295.15,295.03,294.94,294.85,294.85,295.07,295.23,295.43,295.7,295.97,296.1,296.08,295.98,295.92,296.09,296.15,296.12,295.94,296.05,296.36,296.66,296.85,296.99,297.22,297.49,297.7,297.74,297.78,297.76,297.87,298.11,297.42,297.21,297.15,297.06,296.98,296.81,296.62,296.45,296.22,296.02,295.96,295.84,295.67,295.67,295.75,295.59,295.44,295.25,295.19,295.43,295.38,295.51,295.69,295.75,295.92,295.7,295.67,295.69,295.87,296.03,295.84,295.61,295.97,296.17,296.08,296.02
297,296.74,296.58,296.42,296.29,296.1,296.02,295.84,295.78,295.87,296.06,296.31,296.44,296.55,296.66,296.76,296.73,296.71,296.79,296.88,296.79,296.67,296.59,296.72,297.03,297.35,297.58,297.67,297.85,298.12,298.26,298.19,298.09,298.14,298.37,298.03,297.66,297.56,297.49,297.44,297.43,297.29,297.22,297.07,296.99,296.83,296.68,296.61,296.62,296.63,296.62,296.54,296.42,296.4,296.47,296.39,296.42,296.56,296.44,295.63,295.02,296.49,296.36,296.53,296.42,296.31,296.54,296.81,296.66,296.49,296.33,296.16
297.43,297.31,297.27,297.26,297.11,296.9,296.75,296.64,296.65,296.75,296.98,297.17,297.21,297.27,297.41,297.4,297.34,297.2,297.22,297.28,297.39,297.31,297.26,297.42,297.72,297.98,298.17,298.29,298.39,298.59,298.59,298.46,298.38,298.54,298.3,298.14,297.89,297.83,297.73,297.73,297.79,297.73,297.75,297.67,297.5,297.36,297.33,297.3,297.3,297.37,297.35,297.18,297.1,297.16,297.01,296.89,296.81,297.06,297.31,297.61,296.31,295.82,297.09,296.95,297.06,297.26,297.17,296.97,296.86,296.77,296.53,296.29
298.16,298,297.77,297.62,297.55,297.51,297.43,297.55,297.62,297.7,297.79,297.78,297.72,297.81,297.91,297.93,297.79,297.76,297.83,298,298.02,298.07,298.08,298.2,298.39,298.61,298.69,298.73,298.84,298.92,298.82,298.7,298.74,298.64,298.54,298.38,298.15,298.06,298.02,298,298.17,298.19,298.14,298.17,298.18,298.16,298.09,297.97,298.01,297.92,297.79,297.76,297.93,298.12,297.44,297.33,297.44,297.5,297.75,297.77,296.54,297.27,297.76,297.8,297.61,297.59,297.53,297.42,297.25,296.93,296.73,296.64
298.62,298.66,298.66,298.65,298.5,298.41,298.38,298.35,298.22,298.17,298.16,298.24,298.37,298.45,298.65,298.64,298.54,298.48,298.45,298.6,298.78,298.8,298.8,298.84,299,299.12,299.16,299.19,299.14,299.14,299.09,298.96,298.8,298.82,298.68,298.44,298.41,298.44,298.41,298.42,298.56,298.57,298.51,298.38,298.51,298.58,298.53,298.38,298.22,298.07,297.99,298.19,298.49,298.58,298.28,298.23,297.97,298.09,298.23,298.26,298.26,298.2,298.18,298.06,298.02,297.8,297.65,297.58,297.4,297.25,297.03,297
298.87,298.89,298.84,298.79,298.72,298.7,298.74,298.68,298.79,298.92,298.98,299.01,299.05,299.17,299.2,299.1,299.13,299.04,299.15,299.2,299.24,299.35,299.43,299.39,299.41,299.33,299.32,299.28,299.15,299.05,298.88,298.77,298.88,298.89,298.74,298.71,298.8,298.79,298.77,298.76,298.79,298.86,298.78,298.8,298.81,298.77,298.7,298.59,298.54,298.67,298.74,298.58,298.55,298.61,298.83,298.84,298.88,298.73,298.63,298.57,298.54,298.48,298.36,298.32,298.19,298.04,297.82,297.78,297.73,297.55,297.43,297.45
299.33,299.27,299.28,299.24,299.2,299.26,299.23,299.31,299.49,299.62,299.64,299.69,299.72,299.74,299.85,299.94,299.78,299.63,299.52,299.49,299.49,299.46,299.4,299.41,299.45,299.53,299.52,299.34,299.2,299.07,299,299,298.99,298.94,298.92,298.98,299,299.03,299.04,299,298.98,299.07,299.03,299.01,298.99,298.95,298.96,298.95,298.93,298.95,298.99,299,299,299.07,299.03,299,298.93,298.74,298.74,298.68,298.68,298.58,298.37,298.42,298.42,298.4,298.18,298.18,298.18,298,297.83,298.1
299.82,299.82,299.81,299.77,299.7,299.67,299.73,299.75,299.94,300.11,300.1,300.17,300.27,300.26,300.17,300.05,299.96,299.82,299.7,299.58,299.53,299.56,299.63,299.68,299.75,299.79,299.6,299.42,299.36,299.4,299.23,299.12,299.07,299.13,299.18,299.18,299.22,299.29,299.3,299.26,299.22,299.24,299.22,299.2,299.12,299.06,299.1,299.12,299.19,299.24,299.14,299.15,299.24,299.26,299.21,299.14,299.03,298.89,298.8,298.73,298.71,298.75,298.67,298.57,298.5,298.54,298.52,298.49,298.43,298.45,298.42,298.37
300.14,300.24,300.25,300.23,300.2,300.29,300.28,300.21,300.38,300.45,300.35,300.26,300.31,300.39,300.33,300.09,299.88,299.97,299.88,299.8,299.82,299.8,299.87,300.05,300.05,299.85,299.7,299.74,299.7,299.69,299.43,299.29,299.34,299.43,299.39,299.36,299.5,299.56,299.53,299.5,299.45,299.44,299.42,299.4,299.25,299.37,299.43,299.49,299.54,299.4,299.39,299.48,299.55,299.5,299.41,299.28,299.14,299.06,298.96,298.93,298.94,298.83,298.73,298.74,298.72,298.74,298.72,298.64,298.67,298.73,298.62,298.63
300.56,300.53,300.51,300.48,300.61,300.7,300.65,300.57,300.62,300.6,300.58,300.66,300.62,300.42,300.39,300.37,300.23,300.08,300,300.03,299.83,300.11,300.35,300.3,300.1,299.97,300.07,299.98,299.88,299.7,299.54,299.68,299.74,299.69,299.65,299.62,299.76,299.78,299.82,299.81,299.74,299.67,299.65,299.57,299.56,299.61,299.75,299.84,299.76,299.67,299.68,299.81,299.81,299.69,299.58,299.47,299.35,299.32,299.17,299.14,299.02,298.9,298.94,298.93,298.93,298.93,298.87,298.81,298.77,298.78,298.62,298.58
300.73,300.62,300.57,300.34,300.56,300.69,300.42,300.59,300.62,300.72,300.74,300.72,300.66,300.67,300.57,300.47,300.11,300.06,300.24,300.33,300.51,300.52,300.47,300.33,300.3,300.31,300.4,300.17,300.07,299.96,299.88,299.98,300,299.86,299.84,299.85,299.95,300.08,300.1,300.02,299.9,299.79,299.8,299.81,299.69,299.92,300.13,300.22,300.09,299.88,299.78,299.9,299.94,299.83,299.68,299.6,299.6,299.54,299.41,299.35,299.25,299.25,299.09,299.06,299.08,299.07,299.09,299.02,298.91,298.86,298.8,298.73
300.98,300.84,300.7,300.57,300.72,300.8,300.58,300.65,300.75,300.64,300.87,300.89,300.77,300.6,300.46,300.41,300.4,300.43,300.67,300.89,300.91,300.76,300.61,300.62,300.63,300.55,300.8,300.5,300.51,300.38,300.17,300.25,300.25,300.15,300.06,300.1,300.1,300.31,300.19,300.16,300.06,299.96,300,300.05,300.16,300.37,300.54,300.55,300.42,300.26,300.14,300.11,300.1,299.88,299.81,299.86,299.77,299.65,299.65,299.59,299.58,299.52,299.47,299.44,299.43,299.34,299.29,299.26,299.22,299.14,299.03,298.97
301.23,301.06,300.91,300.86,300.79,300.83,300.86,300.84,300.94,301.01,301.18,300.93,300.81,300.73,300.65,300.64,300.68,300.75,300.79,301,300.92,300.93,301.01,300.98,300.93,300.9,300.99,300.75,300.72,300.7,300.61,300.65,300.48,300.35,300.36,300.45,300.34,300.56,300.45,300.38,300.27,300.2,300.24,300.34,300.51,300.71,300.89,300.84,300.62,300.49,300.45,300.46,300.39,300.26,300.08,300.04,300.06,300.07,299.88,299.91,299.83,299.77,299.71,299.69,299.72,299.68,299.69,299.69,299.5,299.39,299.32,299.25
301.2,301.16,301.03,300.97,301.03,301,300.94,301.06,301.26,301.24,301.19,301.1,300.97,300.85,300.8,300.78,300.94,300.86,300.78,300.95,301.19,301.03,301.27,301.2,300.88,301.25,301.05,301.03,301.02,300.98,301.02,300.87,300.59,300.51,300.71,300.59,300.7,300.85,300.76,300.65,300.54,300.49,300.51,300.61,300.79,301,301.06,301.05,301,300.88,300.76,300.61,300.53,300.44,300.31,300.3,300.21,300.16,300.22,300.14,300.03,300,299.94,299.95,299.97,300.1,300.06,299.97,299.8,299.61,299.58,299.6
301.29,301.2,301.37,301.28,301.27,301.12,300.96,301.12,301.25,301.24,301.32,301.21,301.18,301.1,300.99,301.1,301.1,300.94,300.98,301.03,301.22,301.12,301.51,301.41,301.4,301.43,301.29,301.35,301.33,301.32,301.28,300.98,300.73,300.82,300.89,300.85,301.01,300.99,300.94,300.86,300.8,300.77,300.79,300.86,301.05,301.21,301.28,301.21,301.1,301.04,300.97,300.9,300.8,300.68,300.46,300.3,300.37,300.46,300.39,300.32,300.22,300.15,300.25,300.29,300.17,300.21,300.2,300.15,300.15,299.98,300,300.04
301.67,301.48,301.55,301.65,301.51,301.29,301.21,301.31,301.32,301.34,301.55,301.4,301.44,301.44,301.43,301.18,301.38,301.16,301.27,301.29,301.23,301.46,301.74,301.75,301.5,301.32,301.4,301.53,301.56,301.5,301.45,301.04,300.96,300.98,300.93,300.99,301.03,301.19,301.08,300.95,300.84,300.92,300.86,300.85,300.99,301.27,301.32,301.26,301.06,300.94,300.86,300.75,300.6,300.38,300.29,300.36,300.3,300.65,300.56,300.37,300.42,300.5,300.58,300.52,300.28,300.26,300.11,300.08,300.12,300.19,300.23,300.29
301.98,301.73,301.55,301.75,301.67,301.54,301.41,301.29,301.32,301.39,301.53,301.56,301.62,301.66,301.58,301.29,301.62,301.4,301.45,301.46,301.45,301.62,301.92,302.06,301.61,301.38,301.35,301.43,301.83,301.69,301.49,301.15,301.23,301.08,301.05,301.06,301.13,301.1,300.98,300.88,300.86,300.66,300.76,300.88,300.9,301,301.2,301.12,301.03,300.71,300.73,300.64,300.34,300.35,300.62,299.91,299.29,300.06,300.24,300.25,300.23,300.49,300.46,300.38,300.25,300.09,300.03,300.09,299.97,300.22,300.13,300.19
301.83,301.76,301.55,301.69,301.69,301.51,301.4,301.32,301.33,301.45,301.56,301.69,301.99,301.66,301.58,301.7,301.73,301.68,301.56,301.41,301.57,301.7,301.68,301.92,301.59,301.56,301.47,301.44,301.74,301.87,301.56,301.43,301.5,301.29,301.25,301.33,301.21,301.14,301.01,300.72,300.67,300.73,301.01,300.57,300.7,300.74,300.9,300.82,301.08,301,300.99,300.8,300.49,300.3,300.3,299.89,299.73,300,300.16,300.22,300.24,300.12,299.99,299.76,299.84,299.77,299.7,299.76,300.03,300.3,300.23,300.08
301.61,301.69,301.68,301.66,301.56,301.59,301.52,301.31,301.36,301.55,301.76,301.99,302.12,301.76,301.77,301.86,301.81,301.84,301.67,301.57,301.71,301.82,301.91,301.79,301.76,301.48,301.6,301.65,301.71,302.14,301.87,301.78,301.76,301.43,301.5,301.75,301.69,301.45,301.33,301.18,300.88,300.96,301.21,301.12,300.96,301.08,301.15,300.57,300.52,300.74,300.59,300.47,300.15,300.05,299.69,299.74,299.82,299.87,299.78,299.77,299.95,299.96,299.82,299.7,299.48,299.36,299.4,299.54,299.88,300.04,300.11,300.03
301.38,301.44,301.42,301.56,301.33,301.38,301.47,301.48,301.32,301.53,301.81,301.97,302.07,301.91,301.93,301.86,301.86,301.89,301.75,301.66,301.7,301.93,301.83,301.84,301.93,301.81,301.98,302.07,301.76,301.92,302.11,301.97,301.84,301.47,301.35,301.58,301.17,300.49,301.01,301.05,301.07,301.06,300.92,300.8,300.86,300.89,300.78,300.52,300.44,300.52,300.47,300.1,300.01,299.9,299.78,299.67,299.63,299.45,299.37,299.46,299.68,299.68,299.56,299.43,299.27,299.18,299.17,299.32,299.62,299.79,299.79,299.73
301.24,301.24,301.26,301.37,301.23,301.37,301.37,301.48,301.41,301.47,301.72,301.87,302.01,301.92,301.98,301.86,301.87,301.98,301.91,301.84,301.96,301.91,301.86,301.89,301.86,302.05,302.17,302.2,302.15,302.05,301.9,301.69,301.53,301.73,301.44,301.54,301.2,300.75,301.11,301.02,300.81,300.49,300.66,300.6,300.58,300.55,300.52,300.36,300.25,300.15,300.18,300.03,299.9,299.79,299.59,299.5,299.07,298.99,298.93,299,299.39,299.55,299.4,299.2,299.03,298.97,298.99,299.09,299.42,299.65,299.53,299.4
301.24,301.2,301.18,301.3,301.3,301.37,301.48,301.47,301.39,301.36,301.62,301.82,301.96,301.87,301.87,301.86,301.89,301.99,301.92,301.82,302.04,301.99,301.95,301.96,302.04,302.19,302.19,302.13,302.29,302.25,302.07,301.85,301.45,301.48,301.46,301.44,301.24,300.97,300.95,300.61,300.5,300.53,300.47,300.51,300.55,300.4,300.35,300.34,300.16,299.99,299.95,299.87,299.59,299.34,299.3,299.34,299.01,298.74,298.64,298.72,299.04,299.34,299.44,299.22,298.9,298.95,298.93,298.93,299.14,299.3,299.26,299.13
301.22,301.23,301.18,301.22,301.36,301.48,301.59,301.69,301.48,301.28,301.44,301.7,301.81,301.84,301.86,301.92,301.93,301.96,301.92,301.95,301.93,301.82,301.84,301.9,301.97,302.04,302.12,302.15,302.3,302.33,302.24,302.17,302.01,301.68,301.57,301.3,300.99,300.81,300.49,300.72,300.66,300.66,300.9,300.77,300.62,300.61,300.49,300.48,300.14,299.99,299.92,299.76,299.55,299.68,299.5,299.24,299.03,298.84,298.68,298.95,298.82,298.96,298.98,298.91,299.05,299.21,298.86,298.88,299.02,299.07,298.99,298.85
301.16,301.19,301.08,301.14,301.29,301.46,301.52,301.72,301.68,301.58,301.5,301.6,301.71,301.82,301.99,302.16,302.08,301.99,301.94,301.98,301.75,301.67,301.71,301.71,301.8,301.87,301.96,302.03,302.13,302.11,302.06,302.04,302.05,301.95,301.68,301.36,301.11,300.89,300.73,300.73,300.55,300.89,300.91,300.73,300.64,300.63,300.57,300.28,300.03,299.83,299.68,299.68,299.64,299.78,299.74,299.48,299.22,299.13,299,299.16,298.99,299.07,299.07,299.05,299.08,299.13,299.13,298.98,299.11,298.95,299.03,298.95
301.12,301.04,301.09,300.86,301.34,301.54,301.55,301.69,301.89,301.81,301.73,301.7,301.77,301.77,302.04,302.2,302.14,302.16,302.08,302.01,301.82,301.75,301.68,301.7,301.68,301.65,301.78,301.85,301.87,301.83,301.91,302.02,302.06,302.06,301.93,301.69,301.4,301.16,301.01,301,300.87,300.96,300.89,300.72,300.6,300.5,300.36,300.16,299.93,299.77,299.76,299.83,299.74,299.83,299.95,299.79,299.55,299.39,299.32,299.17,299.21,299.24,299.21,299.22,299.25,299.22,299.2,299.19,299.26,299.31,299.19,299.11
300.74,300.99,301.05,301.32,301.39,301.7,302.21,302.12,301.8,302.12,302.01,301.97,301.87,301.89,302.19,302.29,302.19,302.24,302.25,302.21,302.05,301.98,301.79,301.81,301.81,301.78,301.78,301.8,301.89,301.96,302,302.07,302.08,302.05,301.96,301.84,301.64,301.55,301.42,301.36,301.36,301.2,301.15,301.09,300.88,300.72,300.55,300.4,300.1,299.95,299.96,300.02,299.94,300.01,300.01,300.06,299.81,299.58,299.71,299.56,299.52,299.53,299.51,299.4,299.37,299.4,299.41,299.39,299.43,299.45,299.28,299.29
302.62,301.52,301.17,301.3,301.47,301.82,302.05,300.96,302.32,300.49,302.18,302.23,302.08,302.03,302.23,302.44,302.43,302.31,302.26,302.15,302,301.96,301.99,301.92,301.83,301.87,301.91,301.84,301.99,302.09,302.13,301.9,302.12,302.11,302.05,302,301.91,301.87,301.73,301.58,301.66,301.85,301.46,301.3,301.18,301.04,300.86,300.63,300.35,300.23,300.2,300.22,300.19,300.23,300.08,300.12,299.97,299.92,299.87,299.89,299.8,299.76,299.74,299.65,299.59,299.57,299.53,299.54,299.54,299.42,299.34,299.46
296.4,302.64,300.65,301.62,301.54,301.95,300.89,299.33,301.93,303.42,302.54,301.92,302.24,302.26,302.29,302.36,302.42,302.42,302.31,302.04,301.94,301.93,301.91,302,302,302.06,302.09,302.13,302.18,302.21,302.29,302.01,302.17,302.18,302.24,302.26,302.19,302.16,302.06,301.88,301.84,301.99,301.93,301.56,301.32,301.35,301.16,300.85,300.68,300.45,300.42,300.48,300.35,300.34,300.17,300.23,300.25,300.15,300.09,300.13,299.96,299.93,299.87,299.81,299.73,299.63,299.59,299.57,299.48,299.47,299.46,299.48
