data/0900-temp.json
{"header": {"discipline":0,"disciplineName":"Meteorological products","gribEdition":2,"gribLength":61446,"center":7,"centerName":"US National Weather Service - NCEP(WMC)","subcenter":0,"refTime":"2014-03-10T12:00:00.000Z","significanceOfRT":1,"significanceOfRTName":"Start of forecast","productStatus":0,"productStatusName":"Operational products","productType":1,"productTypeName":"Forecast products","productDefinitionTemplate":0,"productDefinitionTemplateName":"Analysis/forecast at horizontal level/layer at a point in time","parameterCategory":0,"parameterCategoryName":"Temperature","parameterNumber":0,"parameterNumberName":"Temperature","parameterUnit":"K","genProcessType":2,"genProcessTypeName":"Forecast","forecastTime":12,"surface1Type":103,"surface1TypeName":"Specified height level above ground","surface1Value":2,"surface2Type":255,"surface2TypeName":"Missing","surface2Value":0,"gridDefinitionTemplate":0,"gridDefinitionTemplateName":"Latitude_Longitude","numberPoints":65160,"shape":6,"shapeName":"Earth spherical with radius of 6,371,229.0 m","gridUnits":"degrees","resolution":48,"winds":"true","scanMode":0,"nx":360,"ny":181,"basicAngle":0,"subDivisions":0,"lo1":0,"la1":90,"lo2":359,"la2":-90,"dx":1,"dy":1}, "data":
[rows 128 to 159 of 181, columns 144 to 215 of 360]
303.19,300.48,301.2,301.32,295.69,295.49,294.6,294.64,294.97,295.06,294.67,294.1,293.58,293.24,292.91,292.52,292.13,291.88,291.6,291.34,291.18,291.2,291.22,291.17,291.04,290.86,290.77,290.73,290.5,290.68,290.65,296.77,294.71,293.27,290.88,291.19,291.58,291.47,291.43,291.33,291.24,291.24,291.37,291.48,291.47,291.41,291.41,291.36,291.32,291.27,291.19,291.1,290.99,290.89,290.87,290.87,290.85,290.68,290.59,290.5,290.42,290.44,290.55,290.63,290.82,291.16,291.6,291.76,291.71,291.29,290.32,291.19
294.39,293.51,296.16,294.18,294.28,294.49,294.07,294.35,294.53,294.58,294.4,293.88,293.29,292.94,292.7,292.23,291.68,291.31,291.08,290.99,290.64,290.42,290.38,290.32,290,290.1,290.01,289.99,290.12,290.08,292.52,296.32,294.86,293.21,290.79,290.65,290.86,290.97,291.03,291.09,291.11,291.11,291.17,291.2,291.22,291.28,291.38,291.34,291.13,291.08,291.06,290.93,290.73,290.62,290.63,290.65,290.66,290.54,290.41,290.29,290.16,290.06,289.99,290.06,290.05,290.1,290.39,290.92,291.41,291.54,290.86,290.16
292.04,292.73,293.5,293.85,297.89,294.53,294.01,293.88,294,293.9,293.76,293.26,292.64,292.11,291.69,291.3,291.21,291.12,290.54,290.5,290.44,289.89,289.85,289.75,289.34,289.44,289.32,289.57,289.73,290.32,290.63,293.32,295.01,290.79,290,290.1,290.01,290.34,290.54,290.7,290.79,290.86,290.97,290.99,290.96,290.99,291.08,291.19,291.13,290.97,290.89,290.84,290.74,290.55,290.48,290.42,290.36,290.29,290.18,290.05,289.9,289.82,289.72,289.63,289.66,289.57,289.46,289.57,290.09,290.79,291.06,290.92
291.14,293.61,292.77,293.97,296.32,293.58,293.85,293.34,293.21,293.02,292.74,292.3,291.79,291.25,290.78,290.4,290.2,290.24,290.05,289.79,289.96,289.83,289.39,289.28,289.23,289.15,289.09,289.06,289.76,291.58,289.19,291.91,294.08,289.33,289.72,289.46,289.83,290.04,290.12,290.22,290.33,290.45,290.53,290.64,290.72,290.76,290.8,290.92,291.01,290.98,290.89,290.79,290.72,290.62,290.43,290.38,290.3,290.12,289.92,289.7,289.54,289.5,289.48,289.42,289.34,289.35,289.23,288.89,288.81,289.38,290.26,290.46
289.87,293.6,293.56,292.86,295.32,292.06,292.64,292.79,292.41,292.17,291.75,291.42,290.98,290.49,290,289.66,289.48,289.42,289.37,289.27,289.2,288.92,288.57,288.69,288.6,288.73,288.84,288.23,290.99,289.26,290.16,288.29,288.77,289.12,288.87,288.9,289.34,289.47,289.54,289.8,289.92,290.04,290.07,290.21,290.35,290.46,290.49,290.51,290.6,290.6,290.56,290.49,290.43,290.33,290.22,290.2,290.06,289.95,289.82,289.57,289.28,289.09,288.98,289.01,289.07,289.01,288.97,288.83,288.49,288.16,288.74,289.72
289.01,289.21,294.27,294.26,291.68,291.11,291.74,291.94,291.42,291.2,290.82,290.48,290.14,289.72,289.28,288.96,288.79,288.69,288.61,288.5,288.54,288.43,288.39,288.36,288.29,287.95,288.2,287.8,289.52,290.31,286.91,288.25,287.84,287.63,287.74,288.15,288.32,288.44,288.66,289.04,289.25,289.5,289.57,289.72,289.9,290,290.06,290.12,290.22,290.21,290.2,290.12,289.91,289.82,289.83,289.84,289.82,289.69,289.54,289.39,289.2,288.93,288.62,288.47,288.5,288.61,288.6,288.47,288.37,287.98,287.49,288.13
288.04,288.35,288.81,289.24,289.41,289.84,290.12,290.4,290.45,290.11,289.73,289.5,289.26,288.99,288.61,288.33,288.18,288.04,287.92,287.83,287.84,287.93,288.06,287.7,287.92,288.66,288.18,291.88,288.91,287.13,287,287.14,286.89,286.98,287.16,287.46,287.61,287.54,287.84,288.38,288.59,288.81,288.99,289.12,289.31,289.48,289.55,289.68,289.73,289.62,289.51,289.46,289.37,289.27,289.28,289.29,289.25,289.13,289.01,288.9,288.82,288.75,288.54,288.17,288.02,288.02,288.07,288.02,287.94,287.81,287.2,286.63
287.21,287.43,287.65,288.07,288.33,288.4,288.4,288.41,288.4,288.57,288.86,288.84,288.44,288.13,287.99,287.79,287.62,287.49,287.34,287.21,287.21,287.3,287.23,287.72,288.04,292.61,292.73,290.33,285.05,286.1,286.49,286.53,286.44,286.48,286.36,286.4,286.67,286.8,287.2,287.64,287.75,288.02,288.47,288.71,288.71,288.78,288.94,289.07,289.07,289.04,289.01,288.94,288.84,288.76,288.76,288.74,288.65,288.51,288.39,288.27,288.17,288.07,288.08,288.05,287.78,287.56,287.52,287.55,287.49,287.42,287.1,286.04
286.46,286.53,286.66,286.84,287,287.12,287.13,287.08,286.89,286.76,287,287.26,287.21,287.37,287.36,287.09,286.99,286.89,286.77,286.68,286.64,286.76,286.67,288.57,293.2,291.85,291.67,286.07,285.49,285.56,285.62,285.68,285.6,285.52,285.56,285.62,285.89,286.1,286.33,286.56,286.89,287.28,287.67,288.05,288.15,288.36,288.57,288.63,288.64,288.55,288.43,288.34,288.26,288.23,288.25,288.26,288.18,288.04,287.94,287.83,287.67,287.57,287.51,287.47,287.49,287.32,287.07,287,286.96,286.83,286.74,286.02
285.69,285.67,285.69,285.76,285.85,285.9,285.95,285.93,285.8,285.68,285.68,285.73,285.71,285.73,285.92,286.27,286.31,286.15,286.1,286.09,286.07,286.15,286.16,285.83,288.01,286.68,285.94,285.56,285.47,285.17,285.02,284.98,284.85,284.69,284.73,284.93,285.05,285.37,285.74,286.09,286.38,286.73,287.13,287.51,287.7,287.88,288.03,288.09,287.99,287.86,287.75,287.67,287.65,287.68,287.74,287.77,287.73,287.61,287.49,287.4,287.28,287.14,287.09,287.05,286.92,286.81,286.68,286.54,286.37,286.18,286.11,285.87
284.92,284.8,284.76,284.76,284.79,284.81,284.81,284.83,284.82,284.8,284.8,284.81,284.76,284.69,284.73,284.89,285.05,285.2,285.31,285.37,285.46,285.54,285.57,285.54,285.5,285.75,285.59,285.42,285.2,284.88,284.68,284.52,284.41,284.36,284.23,284.21,284.56,284.99,285.35,285.56,285.79,286.24,286.58,286.89,287.18,287.38,287.37,287.29,287.17,287.02,286.93,286.86,286.85,286.83,286.86,286.99,286.94,286.94,286.9,286.83,286.73,286.61,286.59,286.61,286.51,286.27,286.08,285.9,285.83,285.55,285.43,285.33
284.16,284.02,283.95,283.9,283.87,283.83,283.82,283.84,283.87,283.92,283.98,284.01,283.97,283.92,283.89,283.89,283.88,283.9,284.13,284.5,284.76,284.94,284.97,284.97,285.03,285.06,285.11,285.1,284.95,284.69,284.47,284.27,284.1,283.9,283.76,283.84,284.1,284.4,284.69,284.85,285.03,285.44,286.01,286.46,286.62,286.66,286.58,286.52,286.4,286.16,286.08,286.02,286.01,285.97,285.9,285.89,285.75,285.72,285.66,285.7,285.71,285.8,285.92,286.05,285.99,285.79,285.5,285.13,285.13,284.97,284.78,284.7
283.45,283.36,283.33,283.25,283.18,283.13,283.1,283.11,283.12,283.14,283.15,283.17,283.15,283.14,283.17,283.21,283.29,283.4,283.48,283.61,283.83,284.1,284.37,284.43,284.48,284.56,284.58,284.57,284.43,284.23,284.08,283.88,283.65,283.45,283.31,283.25,283.47,283.88,284.13,284.39,284.81,285.14,285.48,285.79,285.93,285.92,285.86,285.82,285.65,285.37,285.28,285.28,285.31,285.26,285.11,284.91,284.74,284.62,284.48,284.36,284.39,284.47,284.55,284.84,285.07,285.08,285.03,284.59,284.07,284.25,284.13,284
282.7,282.68,282.69,282.64,282.58,282.55,282.55,282.55,282.55,282.55,282.54,282.53,282.49,282.46,282.46,282.53,282.64,282.8,282.95,283.11,283.28,283.37,283.46,283.75,284,284.13,284.16,284.12,284,283.82,283.7,283.53,283.31,283.1,283,283.02,283.14,283.5,283.92,284.32,284.72,285.03,285.2,285.28,285.26,285.21,285.17,285.15,284.91,284.56,284.44,284.45,284.43,284.32,284.16,283.98,283.82,283.7,283.6,283.61,283.7,283.75,283.65,283.62,283.9,284.02,283.97,284.07,283.37,283.15,283.47,283.31
281.9,281.92,281.96,281.95,281.97,282,282.02,282.03,282,281.96,281.93,281.9,281.85,281.81,281.81,281.86,282,282.2,282.32,282.43,282.6,282.74,282.77,282.82,283.09,283.41,283.73,283.82,283.76,283.59,283.4,283.27,283.14,282.99,282.91,282.95,283.07,283.38,283.74,284.07,284.32,284.49,284.53,284.53,284.51,284.39,284.37,284.17,283.8,283.53,283.44,283.43,283.33,283.18,283.07,283,282.92,282.88,282.86,282.9,282.89,282.82,282.77,282.87,282.87,282.98,282.92,283.09,282.86,282.39,282.72,282.74
281.04,281.03,281.07,281.13,281.21,281.3,281.37,281.39,281.36,281.3,281.26,281.23,281.19,281.14,281.11,281.13,281.21,281.37,281.53,281.67,281.94,282.12,282.23,282.28,282.25,282.35,282.75,283.09,283.21,283.25,283.15,282.97,282.93,282.98,283.05,283.1,283.2,283.32,283.54,283.79,283.99,284.01,283.93,283.85,283.76,283.67,283.41,282.98,282.73,282.58,282.47,282.42,282.29,282.13,282.08,282.08,282.05,282.05,281.97,281.87,281.82,281.88,281.85,281.86,281.96,281.96,281.85,282,282.11,281.67,281.91,282.11
280.08,280.05,280.05,280.09,280.21,280.36,280.43,280.45,280.42,280.37,280.38,280.39,280.34,280.25,280.16,280.1,280.1,280.2,280.31,280.49,280.85,281.29,281.61,281.75,281.8,281.84,282.03,282.33,282.57,282.78,282.91,282.8,282.67,282.82,283,283.03,283.14,283.29,283.47,283.6,283.54,283.36,283.28,283.19,282.86,282.38,282.03,281.97,281.94,281.77,281.63,281.51,281.4,281.31,281.29,281.23,281.13,281.14,281.12,281.11,281.12,281.04,280.87,280.71,280.58,280.54,280.58,280.8,280.9,280.45,280.7,280.94
279.11,278.95,278.89,278.93,279.06,279.18,279.25,279.31,279.33,279.3,279.26,279.21,279.18,279.12,279.03,278.96,278.98,279.1,279.35,279.65,280.03,280.4,280.64,280.99,281.25,281.37,281.48,281.71,282.02,282.25,282.46,282.58,282.61,282.61,282.54,282.57,282.6,282.65,282.73,282.7,282.58,282.37,282.03,281.68,281.48,281.44,281.42,281.33,281.14,280.94,280.86,280.74,280.55,280.38,280.3,280.25,280.27,280.27,280.24,280.14,279.85,279.58,279.33,279.13,279.1,279.19,279.31,279.57,279.53,279.16,279.4,279.51
278.06,277.87,277.79,277.8,277.89,277.97,278.03,278.08,278.15,278.22,278.3,278.33,278.21,277.99,277.79,277.64,277.53,277.61,277.89,278.37,279.04,279.67,280.13,280.42,280.66,280.82,280.99,281.27,281.51,281.71,281.84,282.06,282.22,282.18,282.08,281.9,281.65,281.42,281.19,281.01,280.87,280.83,280.84,280.83,280.7,280.52,280.39,280.32,280.22,280.15,280.04,279.87,279.68,279.45,279.3,279.23,279.27,279.42,279.24,278.86,278.5,278.25,277.97,277.78,277.87,278.16,278.28,278.2,277.96,277.84,278.04,278.05
277.26,277.11,277.05,277.05,276.99,276.95,277.02,277.21,277.4,277.55,277.62,277.56,277.45,277.36,277.26,277.15,276.96,276.87,277.17,277.65,278.2,278.85,279.39,279.79,280.13,280.4,280.61,280.76,280.99,281.25,281.43,281.33,280.89,280.32,279.83,279.52,279.39,279.5,279.76,279.92,279.91,279.82,279.72,279.66,279.62,279.62,279.65,279.64,279.55,279.41,279.27,279.11,278.92,278.69,278.66,278.68,278.41,278.14,277.86,277.65,277.51,277.19,276.91,276.8,276.74,276.79,276.82,276.81,276.68,276.69,276.77,276.76
276.96,276.82,276.69,276.58,276.49,276.47,276.61,276.73,276.79,276.88,276.9,276.87,276.83,276.77,276.68,276.67,276.62,276.53,276.77,277.25,277.81,278.37,278.85,279.22,279.62,280.02,280.31,280.33,279.96,279.36,278.86,278.59,278.49,278.45,278.35,278.39,278.58,278.71,278.81,278.93,279.01,279.03,279.07,279.09,279.04,279.01,279.01,279,278.9,278.76,278.64,278.5,278.31,278.11,277.98,277.78,277.46,277.23,277.03,276.82,276.55,276.27,276.08,275.93,275.84,275.81,275.82,275.87,275.89,275.84,275.79,275.79
276.74,276.61,276.49,276.38,276.27,276.2,276.21,276.24,276.32,276.44,276.49,276.47,276.48,276.42,276.31,276.3,276.34,276.28,276.34,276.57,276.8,276.96,277.15,277.33,277.52,277.63,277.68,277.71,277.73,277.72,277.63,277.49,277.4,277.5,277.79,278.04,278.19,278.28,278.29,278.26,278.28,278.36,278.42,278.44,278.48,278.5,278.45,278.37,278.26,278.12,277.97,277.83,277.68,277.47,277.19,276.95,276.69,276.41,276.19,276.03,275.86,275.65,275.45,275.24,275.11,275.15,275.22,275.21,275.18,275.21,275.23,275.19
276.65,276.63,276.48,276.32,276.14,275.98,275.89,275.9,275.98,276.01,276.02,276.02,276.1,276.16,276.14,276.08,276.07,276.08,276.06,276.08,276.11,276.1,276.14,276.25,276.4,276.55,276.7,276.75,276.86,276.99,277.12,277.24,277.34,277.4,277.43,277.43,277.43,277.44,277.45,277.58,277.75,277.86,277.93,277.93,277.87,277.77,277.67,277.56,277.44,277.31,277.11,276.79,276.38,276.11,276.01,276.01,275.89,275.69,275.57,275.5,275.41,275.35,275.26,275.17,275.08,274.98,274.93,274.9,274.85,274.88,274.92,275
276.55,276.58,276.51,276.3,275.97,275.66,275.54,275.52,275.47,275.37,275.31,275.28,275.32,275.39,275.45,275.56,275.66,275.73,275.77,275.7,275.48,275.19,275.11,275.24,275.45,275.59,275.69,275.82,275.95,276.08,276.19,276.31,276.42,276.44,276.34,276.22,276.35,276.57,276.69,276.86,277.12,277.28,277.28,277.22,277.11,276.97,276.87,276.66,276.29,275.81,275.49,275.37,275.36,275.37,275.25,275.18,275.19,275.22,275.6,275.85,275.83,275.8,275.68,275.35,275.01,274.88,274.85,274.81,274.83,274.94,275.01,275.12
276.01,276,275.82,275.57,275.41,275.33,275.4,275.46,275.43,275.33,275.18,275,274.85,274.72,274.59,274.55,274.65,274.83,274.98,275.03,274.89,274.64,274.45,274.48,274.76,275.01,275.12,275.23,275.35,275.41,275.36,275.18,275.02,275.07,275.19,275.21,275.34,275.58,275.89,276.25,276.46,276.4,276.2,276.05,275.95,275.77,275.45,275.1,274.83,274.72,274.65,274.55,274.43,274.31,274.2,274.25,274.41,274.63,275.2,275.63,275.56,275.46,275.42,275.22,274.95,274.8,274.79,274.79,274.83,274.99,275.01,274.97
271.65,271.93,272.2,272.46,272.62,272.75,272.92,273.1,273.15,273.05,272.9,272.78,272.8,272.93,273.1,273.25,273.45,273.67,273.88,274.04,274.11,274.05,273.99,274.07,274.16,274.02,273.83,273.89,273.95,273.9,273.82,273.77,273.78,273.9,274.03,274.15,274.5,275.07,275.55,275.67,275.43,275.06,274.87,274.76,274.63,274.52,274.47,274.44,274.35,274.19,274.03,273.92,273.87,273.83,273.72,273.73,273.97,274.57,275.27,275.39,275.18,274.94,274.6,274.25,274.1,274.07,274.42,274.81,274.91,274.91,274.82,274.74
266.82,266.93,267.2,267.61,268.09,268.69,269.45,270.21,270.84,271.41,271.74,271.73,271.51,271.37,271.35,271.47,271.78,272.18,272.52,272.75,273,273.28,273.48,273.45,273.06,272.55,272.38,272.51,272.59,272.71,272.88,272.99,273.08,273.12,273.14,273.45,274.17,274.79,274.94,274.75,274.48,274.29,274.15,274.12,274.19,274.21,274.12,273.97,273.77,273.57,273.4,273.25,273.18,273.17,273.13,273.22,274.02,274.87,274.92,274.65,274.46,274.17,273.88,273.95,274.21,274.22,274.18,274.39,274.61,274.73,274.74,274.61
262.44,262.56,262.99,263.61,264.31,265.05,265.43,265.54,265.68,266.27,266.82,267.91,268.89,269.38,269.42,269.48,269.92,270.54,271.18,271.84,272.39,272.59,272.37,272.08,272.02,272.16,272.29,272.27,272.22,272.26,272.38,272.42,272.36,272.46,272.96,273.65,274,273.77,273.42,273.24,273.34,273.61,273.85,273.89,273.7,273.43,273.28,273.24,273.21,273.13,273.02,272.91,272.81,272.72,272.73,273.2,273.89,274.09,273.93,273.85,273.76,273.62,273.64,273.78,273.92,274.1,274.28,274.38,274.44,274.47,274.4,274.28
258.31,258.51,259.33,260.89,262.31,262.89,262.5,261.68,261.12,260.95,261.07,261.41,262.17,263.22,264.43,265.49,266.43,267.4,268.87,270.59,271.51,271.24,270.87,271.24,271.7,271.72,271.5,271.41,271.62,271.93,272.07,272.11,272.39,272.88,273.08,272.84,272.58,272.66,272.89,273.16,273.39,273.49,273.37,273.1,272.85,272.77,272.8,272.79,272.8,272.9,272.97,272.88,272.78,272.81,273.01,273.22,273.32,273.33,273.33,273.33,273.29,273.23,273.25,273.36,273.48,273.61,273.78,273.88,273.95,274.04,274.15,274.25
255.02,255.31,254.65,258.92,260.69,259.65,257.89,256.48,255.95,256.25,256.96,257.85,259.25,261.41,263.38,264.91,266.17,267.21,268.26,269.31,269.99,270.31,270.59,270.73,270.63,270.57,270.75,271.12,271.52,271.85,272.21,272.52,272.53,272.27,272.06,272.13,272.43,272.65,272.67,272.59,272.49,272.43,272.43,272.52,272.58,272.52,272.48,272.54,272.63,272.65,272.6,272.5,272.47,272.52,272.58,272.63,272.72,272.87,272.99,273.01,272.92,272.79,272.83,273.02,273.28,273.5,273.59,273.66,273.77,273.87,273.88,273.81
250.53,248.68,249.22,253.03,255.31,258.33,259.14,259.08,259.63,260,259.14,257.77,257.79,260.07,262.72,264.59,265.98,267.18,268.03,268.72,269.61,270.31,270.4,269.91,269.77,270.07,270.67,271.45,272.17,272.42,272.26,271.95,271.71,271.73,271.92,272.12,272.26,272.29,272.25,272.18,272.12,272.14,272.19,272.24,272.24,272.2,272.2,272.26,272.27,272.2,272.12,272.07,272.12,272.24,272.37,272.4,272.39,272.48,272.63,272.7,272.64,272.57,272.62,272.79,272.99,273.17,273.27,273.3,273.35,273.4,273.43,273.4
240.36,241.19,243.16,244.53,244.97,244.97,245.76,249.12,253.68,257.99,260.38,262.41,263.55,264.66,263.9,263.08,263.03,264.97,267.86,269.82,270.19,269.8,269.44,269.17,269.01,269.07,269.5,270.28,271.14,271.39,271.29,271.44,271.62,271.64,271.62,271.7,271.79,271.88,271.9,271.84,271.74,271.71,271.77,271.86,271.95,271.99,271.97,271.94,271.96,272.03,272.15,272.23,272.26,272.23,272.16,272.12,272.14,272.23,272.33,272.4,272.39,272.37,272.41,272.52,272.66,272.8,272.94,273.06,273.13,273.14,273.11,273.07
