data/0900-temp.json
{"header": {"discipline":0,"disciplineName":"Meteorological products","gribEdition":2,"gribLength":61446,"center":7,"centerName":"US National Weather Service - NCEP(WMC)","subcenter":0,"refTime":"2014-03-10T12:00:00.000Z","significanceOfRT":1,"significanceOfRTName":"Start of forecast","productStatus":0,"productStatusName":"Operational products","productType":1,"productTypeName":"Forecast products","productDefinitionTemplate":0,"productDefinitionTemplateName":"Analysis/forecast at horizontal level/layer at a point in time","parameterCategory":0,"parameterCategoryName":"Temperature","parameterNumber":0,"parameterNumberName":"Temperature","parameterUnit":"K","genProcessType":2,"genProcessTypeName":"Forecast","forecastTime":12,"surface1Type":103,"surface1TypeName":"Specified height level above ground","surface1Value":2,"surface2Type":255,"surface2TypeName":"Missing","surface2Value":0,"gridDefinitionTemplate":0,"gridDefinitionTemplateName":"Latitude_Longitude","numberPoints":65160,"shape":6,"shapeName":"Earth spherical with radius of 6,371,229.0 m","gridUnits":"degrees","resolution":48,"winds":"true","scanMode":0,"nx":360,"ny":181,"basicAngle":0,"subDivisions":0,"lo1":0,"la1":90,"lo2":359,"la2":-90,"dx":1,"dy":1}, "data":
[rows 128 to 159 of 181, columns 72 to 143 of 360]
291.7,291.77,291.79,291.78,291.71,291.65,291.49,291.2,290.97,291.12,290.85,290.67,290.32,289.93,289.71,289.63,289.67,289.76,289.76,289.68,289.58,289.42,289.11,288.95,288.91,288.89,289,289.1,289.11,289.21,289.33,289.64,289.57,289.33,288.65,288.51,288.39,288.3,288.18,288.08,288.04,288.07,288.15,288.23,288.32,288.42,288.52,288.6,288.7,288.76,288.72,288.82,288.84,289.02,289.33,289.37,289.6,289.9,290.25,290.75,291.04,291.16,290.97,290.8,290.79,290.66,290.46,290.64,290.94,294.63,298.91,301.43
290.98,291.02,291.05,291.01,291.08,291.02,290.9,290.71,290.37,290.32,290.29,290.07,289.71,289.25,288.95,288.77,288.68,288.67,288.63,288.68,288.64,288.53,288.38,288.3,288.37,288.47,288.48,288.71,288.78,288.73,288.8,288.9,289.06,289.26,289.11,288.67,288.35,288.23,288.14,287.98,287.8,287.67,287.62,287.61,287.64,287.68,287.74,287.77,287.72,287.73,287.76,287.88,287.92,287.98,288.1,288.22,288.42,288.76,289.04,289.39,289.88,290.39,290.76,290.68,290.56,290.47,290.26,290.07,290.36,290.65,290.93,292.91
289.13,289.52,289.83,290.07,290.16,290.18,290.19,290.31,289.86,289.68,289.78,289.65,289.14,288.6,288.24,287.95,287.8,287.71,287.6,287.6,287.65,287.61,287.52,287.48,287.56,287.76,287.93,288.02,288.12,288.02,287.92,287.99,288.11,288.25,288.46,288.56,288.23,287.91,287.81,287.75,287.56,287.38,287.23,287.12,287.01,287.04,287,286.96,286.91,286.95,287.13,287.24,287.3,287.46,287.56,287.68,287.72,287.8,288,288.34,288.84,289.07,289.6,290.21,290.23,290.18,290.1,289.92,289.85,290.09,290.78,291.63
287.05,286.97,287.12,287.47,288.06,288.68,289.14,289.28,289.2,288.99,288.91,289.02,288.68,287.97,287.56,287.23,287.01,286.87,286.73,286.62,286.67,286.78,286.77,286.78,286.86,287,287.14,287.24,287.26,287.2,287.17,287.18,287.27,287.43,287.52,287.8,287.83,287.71,287.44,287.24,287.16,286.99,286.89,286.79,286.52,286.42,286.33,286.22,286.22,286.44,286.69,286.81,286.88,286.9,286.9,286.96,287.04,287.21,287.23,287.51,287.73,288.21,288.46,288.98,289.68,289.73,289.74,289.67,289.53,289.55,289.93,290.7
285.78,285.74,285.72,285.8,285.86,285.99,286.57,287.45,288.17,288.22,288.15,288.19,288.09,287.56,286.99,286.63,286.37,286.19,286.03,285.92,285.95,286.08,286.08,286.09,286.17,286.31,286.43,286.52,286.57,286.58,286.57,286.57,286.59,286.69,286.71,286.78,286.99,286.92,286.9,286.92,286.93,286.82,286.68,286.47,286.08,285.89,285.7,285.58,285.65,285.96,286.14,286.14,286.16,286.2,286.27,286.38,286.38,286.36,286.5,286.82,287.06,287.24,287.63,288.07,288.29,289.19,289.17,289.17,289.07,289.02,289.05,289.47
284.27,284.22,284.28,284.39,284.49,284.52,284.6,284.73,285.07,286.08,287.2,287.41,287.33,287.1,286.71,286.21,285.81,285.55,285.43,285.33,285.35,285.46,285.45,285.42,285.45,285.53,285.65,285.77,285.88,285.93,285.96,285.98,286.01,286.05,286.12,286.12,286.22,286.33,286.31,286.32,286.35,286.46,286.4,286.14,285.73,285.33,285.15,284.97,285.03,285.27,285.41,285.38,285.41,285.27,285.31,285.46,285.44,285.65,285.95,285.98,286.34,286.63,286.83,287.26,287.58,287.87,288.69,288.6,288.53,288.41,288.4,288.45
282.95,282.87,282.89,283.02,283.14,283.18,283.21,283.26,283.43,283.59,284,285.33,286.51,286.56,286.39,286.11,285.73,285.29,284.97,284.85,284.84,284.88,284.84,284.8,284.77,284.78,284.84,284.93,285.06,285.19,285.28,285.35,285.44,285.52,285.56,285.6,285.58,285.61,285.7,285.76,285.78,285.81,285.9,285.87,285.47,284.82,284.48,284.38,284.42,284.61,284.7,284.56,284.39,284.4,284.25,284.4,285.03,284.99,284.97,285.32,285.69,285.96,286.28,286.47,286.99,287.08,287.61,288.12,287.97,287.83,287.75,287.78
282.04,281.91,281.85,281.84,281.85,281.92,282.06,282.13,282.13,282.2,282.52,282.89,283.52,284.99,285.97,285.81,285.55,285.13,284.78,284.56,284.42,284.35,284.25,284.15,284.06,283.99,283.99,284.04,284.14,284.29,284.45,284.61,284.74,284.81,284.82,284.87,284.92,284.96,284.99,285.08,285.21,285.29,285.31,285.37,285.07,284.47,283.88,283.78,283.84,283.98,283.85,283.66,283.58,283.6,283.58,284.05,283.99,283.81,284.28,284.65,285.42,285.66,285.53,285.91,286.19,286.69,286.47,287.42,287.44,287.3,287.14,287.11
281.07,280.95,280.91,280.92,280.9,280.84,280.87,281.01,281.2,281.3,281.35,281.51,282.01,282.55,283.41,284.85,285.15,284.74,284.47,284.19,284.04,283.88,283.74,283.57,283.42,283.3,283.24,283.25,283.34,283.49,283.65,283.78,283.91,284.03,284.04,284.02,284.03,284.09,284.26,284.35,284.51,284.71,284.82,284.81,284.61,283.78,283.19,283.18,283.28,283.12,282.89,282.71,282.7,282.65,282.85,282.94,282.85,283.5,283.57,283.73,284.72,285.1,284.96,285.07,285.59,285.94,286,286.1,286.95,286.71,286.57,286.45
280.17,280.15,280.15,280.16,280.13,280.09,280.06,280.06,280.16,280.39,280.66,280.84,280.88,281.07,281.61,282.19,283.45,284.35,284.13,283.87,283.6,283.41,283.27,283.16,283,282.81,282.68,282.62,282.67,282.8,282.92,283.05,283.14,283.12,283.15,283.18,283.46,283.46,283.44,283.54,283.8,284.11,284.24,284.16,283.96,282.96,282.28,282.43,282.37,282.02,281.89,281.76,281.77,281.77,281.87,281.9,282.17,282.65,282.72,282.82,283.68,284.41,284.38,284.39,284.74,285.16,285.43,285.21,286.1,286.07,285.97,285.8
279.04,279.03,279.12,279.24,279.31,279.35,279.36,279.36,279.43,279.55,279.75,280.09,280.39,280.58,280.63,280.56,280.87,282.02,283.44,283.57,283.28,283.14,282.9,282.7,282.56,282.44,282.31,282.22,282.19,282.22,282.26,282.26,282.36,282.53,282.6,282.4,282.69,282.82,282.69,282.75,282.92,283.15,283.42,283.31,282.74,281.27,281.03,281.17,281.16,281.11,280.99,281.06,281.18,281.35,281.5,281.55,281.54,281.76,281.93,282,282.74,283.66,283.75,283.78,283.98,284.28,284.4,284.4,285.09,285.35,285.23,285.06
278.32,278.23,278.18,278.18,278.29,278.41,278.46,278.55,278.74,278.94,279.06,279.2,279.48,279.75,279.98,280.12,279.83,279.52,279.93,281.51,282.74,282.74,282.45,282.41,282.08,281.96,281.87,281.81,281.74,281.74,281.73,281.72,281.86,281.74,281.6,281.78,282.02,282.02,281.95,281.93,281.97,282.11,282.31,281.88,280.53,279.84,279.92,280,280.23,280.27,280.38,280.53,280.6,280.6,280.66,280.83,280.84,280.91,281.11,281.19,281.74,282.82,282.97,283.11,283.17,283.28,283.56,283.39,284.05,284.52,284.42,284.31
277.71,277.6,277.56,277.58,277.63,277.65,277.65,277.67,277.9,278.26,278.47,278.57,278.68,278.92,279.11,279.22,279.36,279.13,278.79,278.42,278.92,280.43,281.63,282.03,281.88,281.6,281.41,281.34,281.24,281.11,280.98,280.91,280.9,280.79,280.78,280.79,280.81,280.87,280.9,280.88,280.96,281.11,280.91,280.21,279.34,279.18,279.18,279.38,279.57,279.6,279.69,279.79,279.95,279.99,280.06,280.22,280.34,280.29,280.46,280.52,280.59,281.63,282.26,282.3,282.35,282.52,282.68,282.57,283.16,283.65,283.61,283.57
277.46,277.36,277.3,277.26,277.24,277.2,277.16,277.16,277.16,277.37,277.63,277.84,278,278.13,278.33,278.51,278.56,278.51,278.28,278.15,277.88,277.63,277.92,278.76,279.6,280.19,280.38,280.28,280.07,279.9,279.79,279.73,279.66,279.62,279.64,279.67,279.74,279.85,279.93,279.97,280.13,279.89,279.47,278.86,278.57,278.57,278.63,278.78,278.87,278.98,278.92,279.01,279.25,279.44,279.7,279.74,279.77,279.69,279.84,279.9,279.83,280.62,281.44,281.5,281.54,281.76,281.94,281.92,282.43,282.75,282.79,282.77
277.21,277.12,277.05,277.03,276.95,276.89,276.83,276.79,276.8,276.82,276.92,277.18,277.46,277.61,277.67,277.83,277.97,277.97,277.82,277.55,277.37,277.32,277.33,277.23,277.19,277.4,277.59,277.81,278.08,278.31,278.45,278.52,278.56,278.55,278.55,278.6,278.75,278.8,278.96,279.36,279.17,278.66,278.37,278.05,278,278,278.14,278.2,278.29,278.34,278.19,278.3,278.57,278.83,279.17,279.23,279.1,279.08,279.38,279.21,279.27,280.36,280.9,280.87,280.95,281.14,281.31,281.31,281.67,281.86,281.95,281.92
276.95,276.63,276.66,276.93,276.84,276.71,276.61,276.52,276.46,276.47,276.48,276.58,276.88,277.18,277.24,277.24,277.37,277.37,277.37,277.3,277.17,277.06,277.02,277.04,277.07,277.13,277.23,277.31,277.36,277.38,277.48,277.62,277.7,277.74,277.81,277.85,277.95,278.06,278.33,278.65,278.21,277.82,277.55,277.45,277.45,277.53,277.65,277.66,277.8,277.81,277.76,277.95,278.18,278.45,278.68,278.61,278.39,278.58,278.94,278.57,278.93,280.17,280.48,280.38,280.63,280.94,280.75,280.69,280.94,281.11,281.15,281.1
276.71,276.76,276.74,276.68,276.55,276.42,276.31,276.19,276.1,276.08,276.1,276.14,276.27,276.58,276.72,276.82,276.79,276.69,276.74,276.82,276.76,276.73,276.78,276.83,276.86,276.88,276.9,276.95,277.02,277.04,277.08,277.14,277.16,277.12,277.09,277.11,277.2,277.38,277.85,277.99,277.6,277.35,277.1,277.12,277.15,277.3,277.35,277.36,277.34,277.21,277.26,277.67,278.12,278.21,278.15,278.04,277.95,278.14,278.41,278.04,278.49,279.81,280.04,279.98,280.27,280.35,280.1,280.12,280.39,280.45,280.33,280.19
276.23,276.22,276.16,276.05,275.92,275.84,275.85,275.83,275.79,275.74,275.73,275.79,275.86,276.1,276.26,276.34,276.34,276.29,276.28,276.34,276.47,276.51,276.51,276.54,276.6,276.65,276.67,276.66,276.6,276.52,276.5,276.48,276.42,276.41,276.52,276.62,276.74,276.93,277.4,277.42,277.2,276.9,276.83,276.85,277.02,277.16,277.13,276.97,276.77,276.89,277.32,277.86,278.03,277.82,277.62,277.63,277.62,277.74,278.06,277.79,277.69,279.09,279.8,279.59,279.76,279.76,279.64,279.69,279.81,279.63,279.44,279.28
275.77,275.73,275.66,275.58,275.49,275.41,275.39,275.4,275.42,275.48,275.5,275.53,275.6,275.75,275.92,276.07,276.13,275.98,275.94,276,276.04,276.1,276.19,276.27,276.28,276.24,276.19,276.13,276.03,275.94,275.87,275.8,275.85,275.98,276.05,276.24,276.41,276.69,277.03,276.89,276.69,276.66,276.66,276.76,276.94,276.96,276.71,276.27,276.24,276.63,277.03,277.29,277.44,277.4,277.2,277.2,277.29,277.36,277.69,277.8,277.49,277.51,278.14,278.67,278.85,278.91,279.03,279.11,278.93,278.7,278.56,278.32
275.31,275.33,275.27,275.21,275.15,275.08,275.03,275.04,275.13,275.29,275.34,275.31,275.38,275.49,275.56,275.66,275.8,275.81,275.78,275.79,275.75,275.68,275.7,275.76,275.73,275.65,275.57,275.48,275.39,275.32,275.27,275.29,275.47,275.69,275.88,276.03,276.21,276.5,276.49,276.37,276.35,276.3,276.43,276.68,276.73,276.5,276.03,275.62,275.91,276.29,276.51,276.76,277.16,277.25,276.93,276.75,276.95,277.11,277.25,277.5,277.62,277.56,277.51,277.59,277.75,277.85,277.84,277.74,277.65,277.55,277.57,277.46
274.87,274.92,274.88,274.83,274.76,274.73,274.75,274.7,274.75,274.9,275.12,275.12,275.11,275.19,275.22,275.33,275.49,275.6,275.57,275.57,275.66,275.69,275.62,275.52,275.37,275.22,275.16,275.07,274.98,274.94,274.99,275.15,275.3,275.53,275.69,275.86,276.03,276.06,275.96,275.85,275.83,276.04,276.35,276.45,276.26,275.87,275.36,275.12,275.4,275.81,276.21,276.52,276.73,276.82,276.66,276.49,276.49,276.71,276.94,277.08,277.15,277.24,277.35,277.41,277.39,277.35,277.34,277.31,277.32,277.32,277.25,277.13
274.57,274.63,274.61,274.58,274.55,274.56,274.52,274.46,274.51,274.7,274.77,274.65,274.72,274.87,275,275.1,275.21,275.37,275.44,275.27,275.11,275.3,275.5,275.44,275.28,275.08,274.95,274.87,274.8,274.74,274.74,274.83,275.08,275.35,275.54,275.65,275.64,275.49,275.36,275.47,275.75,275.96,276,275.89,275.61,275.15,274.83,274.68,274.89,275.39,275.88,275.99,275.97,276.15,276.31,276.38,276.36,276.28,276.44,276.7,276.82,276.83,276.82,276.83,276.84,276.83,276.9,276.97,277.03,277.04,276.97,276.86
274.59,274.57,274.44,274.42,274.39,274.35,274.33,274.44,274.49,274.48,274.4,274.34,274.41,274.54,274.68,274.83,274.91,275.01,275.26,275.35,275.22,275.22,275.27,275.26,275.15,274.88,274.76,274.78,274.76,274.72,274.78,274.89,275.03,275.22,275.28,275.16,275.04,275.09,275.27,275.41,275.55,275.58,275.48,275.27,274.95,274.65,274.47,274.28,274.32,274.65,275.1,275.45,275.66,275.79,275.84,275.99,276.22,276.37,276.33,276.38,276.49,276.5,276.48,276.44,276.39,276.38,276.45,276.52,276.58,276.63,276.62,276.63
274.46,274.46,274.41,274.41,274.37,274.34,274.34,274.34,274.3,274.24,274.18,274.14,274.16,274.26,274.39,274.51,274.6,274.65,274.68,274.72,274.72,274.72,274.78,274.89,274.89,274.78,274.72,274.71,274.69,274.72,274.72,274.75,274.82,274.84,274.83,274.84,274.88,274.9,274.91,274.92,275,275.02,274.9,274.74,274.54,274.33,274.12,273.9,273.81,273.9,274.05,274.27,274.71,275.15,275.37,275.62,275.97,276.21,276.24,276.22,276.2,276.18,276.16,276.12,276.08,276.1,276.2,276.28,276.3,276.32,276.36,276.45
274.19,274.32,274.33,274.16,273.98,273.9,273.9,273.92,273.93,273.93,273.94,274.01,274.08,274.13,274.14,274.22,274.32,274.34,274.32,274.27,274.23,274.21,274.17,274.09,274.05,274.1,274.18,274.27,274.3,274.25,274.22,274.22,274.22,274.29,274.37,274.39,274.37,274.36,274.36,274.37,274.42,274.45,274.44,274.45,274.47,274.42,274.28,274.11,273.84,273.6,273.5,273.51,273.79,274.35,274.78,274.96,275.4,275.84,275.91,275.89,275.84,275.8,275.77,275.74,275.67,275.69,275.79,275.89,275.97,276.02,276.04,276.01
273.17,273.41,273.5,273.52,273.47,273.38,273.29,273.19,273.15,273.14,273.15,273.19,273.26,273.33,273.39,273.42,273.41,273.37,273.32,273.27,273.27,273.32,273.34,273.32,273.34,273.39,273.45,273.5,273.54,273.58,273.63,273.68,273.79,273.88,273.91,273.88,273.79,273.73,273.72,273.71,273.72,273.66,273.56,273.45,273.42,273.5,273.69,273.93,274.06,273.84,273.38,273.15,272.85,272.89,273.74,274.06,273.9,274.1,274.16,273.97,273.7,273.41,273.17,272.94,272.73,272.59,272.52,272.42,272.22,271.97,271.75,271.62
271.29,271.84,272.25,272.35,272.26,272.17,272.14,272.13,272.17,272.21,272.23,272.29,272.36,272.44,272.5,272.51,272.54,272.51,272.44,272.36,272.21,272.12,272.19,272.31,272.42,272.54,272.68,272.77,272.83,272.88,272.93,273.01,273.12,273.21,273.26,273.25,273.18,273.14,273.05,272.81,272.57,272.43,272.29,272.18,272.19,272.18,272.21,272.58,273.15,273.35,273.05,272.46,271.97,272.03,272.78,273.11,272.45,271.83,271.27,270.65,270.18,269.83,269.6,269.39,269.02,268.57,268.2,267.86,267.59,267.36,267.07,266.87
268.84,269.01,269.61,270.49,271.1,271.38,271.52,271.6,271.64,271.66,271.62,271.57,271.6,271.67,271.66,271.65,271.64,271.65,271.66,271.62,271.54,271.49,271.41,271.15,270.39,270.61,271.23,271.58,271.85,271.54,271.27,271.23,271.08,270.87,271.01,270.96,270.89,270.76,270.61,270.45,270.35,270.75,270.68,270.81,271.36,271.51,272.3,272.41,272.08,271.43,270.68,270.32,270.51,270.91,270.72,269.56,268.03,266.82,265.76,264.65,263.99,263.47,262.09,261.3,262.6,264.15,264.69,264.62,264.12,263.54,263.05,262.63
264.81,266.2,266.11,265.54,266.22,267.32,267.81,267.88,267.63,266.18,265.33,267.21,268.54,269.23,268.98,269.13,269.93,270.63,270.6,270.52,270.38,270.18,269.66,268.44,266.52,267.02,267.84,267.93,267.6,267.21,265.45,264.1,265.38,266.51,268.7,269.75,269.93,269.92,269.64,266.24,263.17,263,266.04,267.24,267.69,267.8,267.65,267.04,266.29,265.21,264.36,264.26,263.82,263.3,263.09,263.02,263.03,263.01,263.19,262.32,261.99,260.96,260.36,258.69,260.45,259.95,258.97,258.64,259.46,260.11,260.36,259.04
255.09,257.5,259.66,260.19,260.49,262.32,264.39,265.39,265.65,264.43,262.49,262.15,262.86,262.99,263.28,262.9,261.7,261.61,261.29,259.34,259.27,259.93,260.48,260.21,260.13,258.52,258.14,260.86,261.13,257.37,255.45,253.61,252,252.89,255.47,257.94,260.14,261.1,260.36,260.06,258.46,257.4,259.65,263.03,264.47,264.41,264.86,264.87,264.21,263.63,263.09,262.36,261.35,259.18,256.75,259.59,261.05,262.36,260.08,255.77,252.49,249.7,250.11,249.05,249.26,249.44,250.22,250.87,252.38,253.87,256.13,256.06
252.52,253.57,255.91,258.1,259.77,260.72,261.26,262.19,260.91,258.65,257.03,255.72,254.12,253.3,253.19,252.41,251.8,250.99,249.94,249.57,249.2,248.58,248.38,248.29,247.94,247.25,248.32,249.99,248.48,247.12,246.68,245.93,245.06,246.21,248.68,249.99,250.18,249.93,249.67,250.73,252.34,253.29,253.83,254.07,254.36,254.99,256.26,256.46,255.4,254.07,252.96,251.69,250,248.82,248.28,248.24,248.05,247.7,246.88,245.92,244.68,242.61,240.87,240.24,240.47,240.88,241.01,241.49,242.61,244.87,246.66,248.87
251.18,253.02,255.73,256.07,258.11,260.2,258.45,254.03,250.21,247.68,246.72,246.27,245.7,245.43,245.14,245.07,244.87,244.27,243.75,243.48,243.17,242.66,242.08,241.64,241.63,242.53,243.47,243.69,243.2,242.05,240.83,240.05,240.35,241.2,241.91,242.55,243.09,243.54,244.23,244.69,244.61,244.15,244.15,245.27,246.88,247.84,248.04,247.89,247.82,247.61,246.93,245.86,244.48,243.13,242.28,241.72,241.07,240.23,238.8,237.93,236.99,235.56,233.67,232.59,232.82,233.71,234.93,236.05,237.12,238.2,239.21,240.04
