data/0900-temp.json
{"header": {"discipline":0,"disciplineName":"Meteorological products","gribEdition":2,"gribLength":61446,"center":7,"centerName":"US National Weather Service - NCEP(WMC)","subcenter":0,"refTime":"2014-03-10T12:00:00.000Z","significanceOfRT":1,"significanceOfRTName":"Start of forecast","productStatus":0,"productStatusName":"Operational products","productType":1,"productTypeName":"Forecast products","productDefinitionTemplate":0,"productDefinitionTemplateName":"Analysis/forecast at horizontal level/layer at a point in time","parameterCategory":0,"parameterCategoryName":"Temperature","parameterNumber":0,"parameterNumberName":"Temperature","parameterUnit":"K","genProcessType":2,"genProcessTypeName":"Forecast","forecastTime":12,"surface1Type":103,"surface1TypeName":"Specified height level above ground","surface1Value":2,"surface2Type":255,"surface2TypeName":"Missing","surface2Value":0,"gridDefinitionTemplate":0,"gridDefinitionTemplateName":"Latitude_Longitude","numberPoints":65160,"shape":6,"shapeName":"Earth spherical with radius of 6,371,229.0 m","gridUnits":"degrees","resolution":48,"winds":"true","scanMode":0,"nx":360,"ny":181,"basicAngle":0,"subDivisions":0,"lo1":0,"la1":90,"lo2":359,"la2":-90,"dx":1,"dy":1}, "data":
[rows 64 to 95 of 181, columns 72 to 143 of 360]
292.66,293.43,293.69,295.3,292.63,293.05,292.5,292.64,292.16,291.35,291.1,288.63,287.71,288.74,289.21,291.69,291.45,291.45,289.54,291.42,286.84,288.33,283.32,279.33,284.67,284.04,281.47,276.46,275.56,276.35,281.91,278.87,282.4,281.38,281.03,281.92,283.65,283.09,282.67,283.65,282.96,284.64,280.92,282.65,283.76,282.23,281.29,282.51,289.04,290.3,290.59,290.48,290.64,290.4,290.16,289.76,289.47,289.21,288.93,289.03,289.06,289.02,288.86,288.79,288.73,288.67,288.62,288.57,288.58,288.68,288.82,288.89
294.06,294.7,292.54,292.58,293.09,294.4,293.36,293.51,293.79,292.24,291.97,290.88,290.03,291.41,290.89,291.2,291.67,291.34,290.46,286.52,287.69,282.11,279.49,287.59,285.55,289.31,281.4,281.5,278.73,279.72,281.46,281.5,282.17,282.92,284.77,284.54,283.92,283.72,282.77,282.37,282.07,282.19,283.26,283.05,282.19,281.72,282.79,287.61,291.47,292.92,290.86,292.01,291.85,291.39,291.16,290.72,290.3,289.93,289.71,289.89,290.16,290.17,290.05,289.95,289.86,289.71,289.55,289.43,289.29,289.24,289.23,289.46
295.13,294.45,294.25,293.86,295.36,294.49,293.95,292.44,292.41,291.34,290.69,291.38,290.72,289.24,291.74,292.26,291.67,293.13,292.14,289.21,284.52,281.29,286.25,285.94,289.06,287.17,281.83,285.44,282.41,283.01,284.09,284.41,283.9,284.59,286.59,285.21,283.81,283.64,283.02,282.91,283.96,284.38,284.32,283.91,283.81,284.61,287.87,290.96,291.35,285.84,292.42,292.58,292.51,292.24,291.91,291.6,291.19,290.94,290.77,290.82,291.12,291.16,291.13,291.09,290.98,290.85,290.54,290.38,290.18,290.15,290.39,290.78
295.93,294.76,295.98,294.96,294.27,293.06,292.68,293.44,292.15,289.45,290.33,288.62,287.02,289.44,291.91,293.7,292.73,293.18,291.38,291.62,285.04,279.87,288.74,291.89,289.84,283.63,287.38,285.52,287.05,286.67,286.01,285.16,284.49,285.78,285.84,284.69,285.63,284.41,284.28,284.09,284.26,285.55,286.42,285.94,287.67,291.41,292.03,292.69,292.89,284.12,293.17,293.22,293.08,292.93,292.61,292.49,292.23,292.03,291.97,292.01,292.16,292.33,292.35,292.11,292.03,291.91,291.82,291.68,291.58,291.65,291.92,292.24
296.31,294.23,296.66,297.07,297.01,295.49,293.1,291.31,291.36,288.95,291.02,291.31,290.41,287.83,289.37,293.67,295.32,292.33,296.98,298.55,293.04,285.98,290.31,295.97,297.33,291.34,289.83,287.28,284.81,288.56,287.71,288.79,285.93,288.67,287.21,287.16,285.47,286.6,286.73,286.8,285.55,289.64,293.59,293.66,293.73,293.67,294.07,294.3,294.31,293.95,294.16,293.85,293.75,293.65,293.47,293.39,293.35,293.31,293.27,293.31,293.29,293.34,293.32,293.24,293.15,293.02,292.94,292.83,292.74,292.82,293,293.19
297.19,294.18,293.86,297.9,297.89,295.43,295.54,295.11,294.38,292.33,291.35,288.94,287.15,290.68,293.24,297.05,299.03,298.84,299,298.71,297.52,290.99,291.84,297.61,297.75,291.64,292.68,287.2,288.07,288.6,289.73,290.12,289.19,288.77,289.89,290.58,292.81,294.62,293.83,294.53,295.03,295.14,295.27,295.31,295.35,295.59,295.66,295.6,295.42,295.12,294.78,294.6,294.57,294.55,294.54,294.5,294.33,294.3,294.31,294.23,294.14,294.16,294.22,294.25,294.22,294.14,294.07,293.96,293.83,293.86,293.84,293.88
297.32,289.98,291.46,295.1,295.18,294.21,295.74,295.83,294.52,290.44,289.86,290,288.11,292.85,295.6,298.76,299.11,299.11,299.28,299.09,299.09,297.02,288.82,295.31,293.65,286.45,289.72,290.8,295.21,292.63,292.91,290.22,288.2,289.63,291.02,294.81,294.79,294.51,294.37,295,295.45,295.77,295.95,296.13,296.3,296.5,296.67,296.63,296.3,295.98,295.81,295.74,295.64,295.56,295.5,295.52,295.39,295.2,295.09,294.92,294.93,294.98,294.96,294.95,294.91,294.8,294.67,294.57,294.53,294.54,294.63,294.74
297.72,293.45,291.8,294.9,296.86,295.69,294.46,294.49,295.04,292.52,291.9,289.85,293.13,298.76,299.17,299.21,299.27,299.28,299.25,299.29,299.3,299.29,290.67,292.59,291.65,285.85,289.07,292.98,296.13,293.66,292.32,289.28,288.55,290.59,292.82,295.12,295.37,293.22,293.04,296.36,296.29,296.45,296.64,296.76,297.06,297.36,297.57,297.57,297.5,297.28,297.31,297.05,296.95,296.73,296.51,296.45,296.33,295.95,295.81,295.66,295.55,295.44,295.4,295.4,295.42,295.5,295.61,295.68,295.77,295.77,295.77,295.76
298.1,296.62,292.33,297.35,296.61,295.49,294.5,293.53,294.69,295.78,291,292.88,298.79,299.13,298.98,299.04,299.22,299.29,299.36,299.33,299.28,299.33,298.59,290.69,291.41,290.37,288.47,294.59,297.28,296.23,295.96,297.12,294.68,290.82,292.91,295.52,295.91,296.41,296.72,296.96,297.14,297.21,297.37,297.56,297.76,298.07,298.16,298.46,298.02,291.84,293.27,297.87,297.84,297.63,297.48,297.37,297.07,296.79,296.62,296.47,296.45,296.47,296.48,296.47,296.55,296.68,296.77,296.81,296.82,296.78,296.72,296.73
298.81,298.84,292.01,296.64,297.02,297.07,294.53,294.83,295.42,295.48,295.96,299.21,299.33,299.25,299.23,299.22,299.17,299.23,299.32,299.24,299.16,299.18,299.12,292.32,293.65,298.94,292.64,294.95,299.84,296.12,298.48,297.45,294.69,293.8,293.16,295.11,296.51,296.84,297.3,297.68,298.01,297.9,297.99,298.28,298.39,298.38,298.73,299.09,298.87,289.62,293.28,298.43,298.51,298.35,298.34,298.03,297.73,297.61,297.48,297.41,297.44,297.43,297.41,297.44,297.53,297.61,297.69,297.78,297.86,297.85,297.79,297.8
299.46,299.51,291.91,296.87,296.68,296.71,296.49,293.74,295.33,297.62,299.49,299.44,299.43,299.3,299.26,299.26,299.19,299.14,299.1,298.99,298.98,299.07,298.84,292.65,298.06,301.08,294.25,291.93,299.75,298.63,299.72,297.67,296.27,295.83,294.47,289.49,292.06,297.19,297.7,298.29,298.43,298.44,298.55,298.66,298.69,298.72,299.37,299.42,298.1,294.17,297.43,298.71,298.9,298.61,298.77,298.67,298.46,298.31,298.2,298.29,298.34,298.39,298.4,298.4,298.44,298.51,298.57,298.66,298.74,298.77,298.8,298.91
299.87,300.19,297.39,297.39,297.45,296.12,295.52,294.04,297.86,299.48,299.51,299.47,299.3,299.23,299.25,299.25,299.17,299.06,299.06,298.98,299,299.19,299.39,299.45,300.01,300.54,291.83,292.4,298.23,298.16,298.51,300.33,300.52,299.92,296.3,293.51,286.79,296.44,298.12,298.51,298.82,298.9,298.91,298.91,298.96,299.33,299.67,299.66,298.68,296.63,299.03,299.23,299.29,299.46,299.24,299.19,299.12,299.15,299.15,299.11,299.23,299.19,299.1,299.1,299.12,299.22,299.27,299.44,299.55,299.6,299.55,299.53
300.2,300.54,300.55,293.39,295.44,294.74,293.14,292.45,296.55,299.24,299.27,299.23,299.2,299.17,299.17,299.25,299.32,299.25,299.1,299.26,299.21,299.29,299.47,299.84,300.15,300.44,298.95,294,297.64,298.56,296.89,299.34,297.82,296.75,296.51,293.81,290.05,294.8,298.57,298.84,299.2,299.31,299.31,299.24,299.56,299.74,300.28,300.09,299.27,297.58,298.8,298.64,298.82,299.98,300.1,299.93,299.83,299.74,299.62,299.64,299.75,299.68,299.65,299.69,299.82,299.88,300.04,300.07,300.01,299.88,299.79,299.71
300.53,300.86,301.12,296.89,291.4,292.11,290.35,292.68,295.93,299.27,299.14,299.11,299.12,299.18,299.29,299.38,299.47,299.51,299.36,299.48,299.47,299.37,299.86,300.06,300.39,300.89,300.71,291.42,298.82,298.63,296.5,298.03,299.75,296.43,295.89,295.33,293.96,294.06,298.88,299.22,299.42,299.32,299.22,299.33,299.61,299.99,300.26,299.77,299.08,294.84,298.51,298.65,298.95,299.96,300.22,300.15,300.17,300.15,300.17,300,300.12,300.34,300.54,300.51,300.46,300.38,300.26,300.23,300.28,300.21,300.13,300.1
300.68,300.87,301.22,300.25,291.13,292.01,294.05,294.71,299.16,299.39,299.46,299.4,299.39,299.45,299.45,299.5,299.73,299.6,299.59,299.75,299.75,299.49,300.08,300.62,301.16,301.05,300.09,294.73,298.78,300.27,299.68,294.8,295.35,298.27,297.28,294.51,290.55,294.97,299.2,299.33,299.43,299.57,299.55,299.42,299.46,300.12,300.15,299.96,299.49,299.41,299.22,299.85,300.18,299.06,300.43,300.53,300.69,300.69,300.56,300.47,300.61,300.6,300.75,300.6,300.55,300.56,300.58,300.52,300.44,300.26,300.43,300.33
300.75,300.95,301.36,301.37,297.73,294.5,295.82,295.71,299.44,299.46,299.48,299.49,299.4,299.4,299.47,299.64,299.75,299.92,300.1,300.2,300.12,300.2,300.73,301.24,301.05,300.44,299.49,294.14,300.07,300.17,300.49,299.39,295.66,297.26,298.05,296.73,296.33,298.68,299.45,299.47,299.52,299.44,299.29,299.37,299.82,300.08,300.25,300.13,299.87,299.61,298.12,298.99,299.45,299.18,300.67,300.82,300.75,300.57,300.57,300.91,300.85,300.74,300.71,300.62,300.73,300.76,300.76,300.7,300.7,301.07,300.9,300.79
300.96,301.23,301.53,301.75,300.46,290.95,295.44,297.8,299.97,299.62,299.44,299.46,299.51,299.59,299.78,299.82,299.99,300.16,300.38,300.53,300.6,300.84,301.11,301.16,300.73,300.12,299.55,295.48,300.09,300.24,299.93,299.87,299.4,298.25,298.3,298.97,299.1,299.34,299.5,299.54,299.52,299.67,300.01,300.17,300.38,300.4,300.04,298.84,299.73,299.57,299.29,297.49,298.89,300.39,300.74,300.45,300.57,300.74,300.94,301.12,301.06,301.04,301.12,301.1,301.12,301.08,301.02,300.97,301.15,301.31,301.39,301.25
301.03,301.29,301.32,301.13,300.7,294.58,298.96,300.02,297.01,298.74,299.68,299.75,299.73,299.78,299.88,299.98,300.22,300.42,300.55,300.44,300.58,300.87,301.07,301.06,300.88,300.5,298.4,291.68,298.85,299.88,299.95,299.78,299.48,299.04,299.11,298.92,299.16,299.51,299.6,299.61,299.61,299.86,300.12,300.21,300.23,299.81,298.98,300.39,299.95,299.86,299.64,299.21,300.47,298.15,296.38,300.52,300.93,301.03,301.14,301.18,301.11,301.11,301.05,301.12,301.33,301.26,301.24,301.31,301.33,301.64,301.58,301.43
301.22,301.28,301.1,301.46,301.34,300.32,300.29,299.55,295.3,295.03,300.05,299.93,300.02,300.12,300.12,300.33,300.5,300.53,300.58,300.48,300.66,300.81,300.99,301.02,301.23,300.47,299.41,295.27,296.51,300.02,300.24,299.77,299.55,299.41,299.3,299.18,299.38,299.61,299.69,299.62,299.7,299.95,300.01,299.91,299.88,299.91,299.65,300.01,300.31,300.39,300.15,298.21,297.15,294.04,295.05,300.48,300.94,300.95,301.1,301.18,301.27,300.96,300.77,300.78,301.01,301.05,301.26,301.44,301.53,301.47,301.59,301.7
301.4,301.11,301.41,301.79,301.26,300.74,300.29,300.1,296.14,287.42,299.64,300.09,300.22,300.3,300.46,300.57,300.62,300.65,300.72,300.62,300.84,301.09,301.31,301.19,301.05,300.32,299.98,299.2,293.03,296.96,299.7,299.61,299.61,299.49,299.4,299.4,299.59,299.77,299.78,299.62,299.76,299.88,299.91,299.79,299.62,299.54,300.12,300.11,300.68,300.58,299.94,299.7,299.14,295.39,296.33,300.51,300.71,300.93,300.76,300.79,300.76,300.73,300.62,300.47,300.65,300.87,300.92,301.14,301.58,301.45,301.43,301.8
301.25,301.27,301.22,301.28,301.46,301.14,301.07,300.87,299.45,298.17,300.49,300.27,300.4,300.46,300.54,300.59,300.7,300.86,300.84,300.94,301.14,301.53,301.64,301.44,301.16,300.67,300.09,299.76,297.41,290.61,293.48,299.02,299.43,299.52,299.53,299.61,299.69,299.88,299.77,299.58,299.75,299.88,299.89,299.77,299.34,295.27,299.91,300.35,300.84,300.89,300.84,300.69,300.51,298.24,300.17,300.59,300.68,300.6,300.66,300.58,300.51,300.49,300.5,300.39,300.42,300.69,300.86,300.92,301.37,301.44,301.49,301.61
301.09,301.34,301.19,300.84,300.83,301.01,300.86,300.87,300.69,300.6,300.52,300.62,300.55,300.58,300.69,300.84,300.95,300.98,300.93,301.01,301.1,301.61,301.61,300.74,290.18,293.58,300.14,301.03,300.02,291.94,291.6,293.54,299.17,299.41,299.47,299.59,299.69,300,299.75,299.55,299.64,299.86,299.7,298.11,292.55,294.05,296.27,299.59,300.94,301.22,301.02,301.19,300.83,300.52,300.84,301.05,300.7,300.24,300.48,300.43,300.32,300.32,300.33,300.37,300.33,300.62,300.82,300.99,301.15,301.25,301.33,301.37
301.42,301.54,301.17,300.99,301.1,301.19,301.36,301.19,301.13,300.91,300.94,300.83,300.73,300.84,300.92,301.07,301.1,301.12,301.23,301.12,301.15,301.07,300.8,300.94,299.49,288.7,294.17,299.88,301.04,295.62,291.24,292.7,299.21,299.11,299.3,299.6,299.43,299.78,299.97,299.93,299.48,299.79,298.15,294.8,293.14,297.05,297.78,299.75,300.66,300.68,300.69,300.62,300.52,300.35,300.51,300.56,300.62,300.37,300.28,300.27,300.22,300.15,300.16,300.34,300.31,300.5,300.76,300.84,300.98,301.14,301.25,301.3
301.65,301.6,301.41,301.42,301.35,301.26,301.04,301.15,301.07,301.26,301.36,301.21,301.23,301.32,301.31,301.29,301.35,301.42,301.43,301.37,301.08,300.76,300.72,300.95,301.2,301.39,291.94,292.3,299.4,299.21,292.03,294.26,299.76,299.38,299.34,299.72,299.96,300.02,299.9,300.08,299.59,297.92,296.12,292.06,293,297.64,299.89,300.3,300.76,300.56,300.29,300.18,300.18,300.52,300.94,300.7,300.32,300.25,300.18,300.06,300.03,299.98,300.03,300.17,300.38,300.43,300.68,300.86,300.97,301.16,301.29,301.33
301.56,301.48,301.59,301.47,301.41,301.6,301.43,301.23,301.64,301.5,301.03,300.77,300.95,301.02,300.89,301.24,301.33,301.51,301.61,301.28,300.9,300.74,300.78,300.96,301.06,301.49,299.86,288.07,296.58,296.76,298.53,295.09,297.77,299.67,299.76,299.86,300.02,299.91,299.92,298.75,296.28,296.68,294.6,293.13,293.68,297.61,300.05,300.65,300.61,300.22,300.21,300.33,300.17,300.28,300.88,300.59,299.84,300.04,300.24,299.96,299.88,299.9,299.99,300.04,300.32,300.49,300.59,300.72,300.89,301.05,301.24,301.32
301.23,301.39,301.58,301.59,301.66,301.72,301.6,301.6,301.62,301.6,301.66,301.46,301.08,301.2,301.29,301.2,301.19,301.18,301.41,301.04,300.87,300.8,300.8,300.91,301.07,300.76,300.94,296.28,294.59,295.24,296.37,298.61,299.15,299.75,299.85,299.89,300.13,297.74,294.95,296.16,296.52,296.94,293.25,295.88,294.08,296.7,298.87,300.5,300.27,295.5,296.33,298.77,298.22,299.68,300.98,300.5,299.49,300.37,300.54,300.19,299.83,299.76,299.9,300.14,300.22,300.39,300.52,300.65,300.78,300.93,301.04,301.21
301.29,301.48,301.6,301.68,301.69,301.45,301.45,301.53,301.44,301.58,301.63,301.5,301.45,301.43,301.33,301.35,301.09,301.3,301.18,301.09,300.98,300.86,301.06,301.08,301.12,301.22,301.4,300.57,293.63,296.12,295.9,296.74,299.82,300.02,299.89,299.99,300.13,298.03,296.38,296.98,296.67,295.54,296.61,295.41,296.82,297.59,300.21,300.73,299.62,301.23,301.08,300.71,301.32,300.88,301.24,300.71,300.59,300.61,300.79,300.64,300.02,300.07,300.29,300.26,300.28,300.39,300.43,300.61,300.84,300.89,300.97,301.02
301.55,301.52,301.65,301.7,301.55,300.96,300.93,301.5,301.81,301.72,301.47,301.31,301.19,301.4,301.37,301.39,301.48,301.39,301.29,301.16,301.02,300.96,301,301.15,301.16,301.18,301.16,300.53,301.26,291.14,295.88,296.12,299.24,300.17,300.15,300.27,300.21,299.74,297.52,296.49,296.09,297.67,297.81,297.5,297.16,299.15,301.12,300.98,296.49,301.25,297.64,300.01,300.85,301.47,301.54,301.33,300.58,300.85,300.73,300.91,301.61,293.74,294.93,300.56,302.76,300.53,300.55,300.68,300.83,300.96,300.72,300.75
301.59,301.75,301.45,300.48,300.83,301.17,301.15,301.18,301.29,301.18,301.45,301.17,301.08,301.18,301.35,301.57,301.37,301.21,301.13,301.03,300.93,300.86,300.86,301.06,301.2,301.09,301.26,300.95,301.39,295.53,295.43,295.86,296.51,300.21,298.72,300.48,300.43,300.46,300.06,297.49,297.61,298.23,299.2,297.96,298.31,301.04,301.67,300.73,291.3,296.15,301.23,301.63,301.42,301.03,301.34,301.49,301.01,300.94,301.32,300.61,300.42,302.32,302.44,301,299.83,301.72,303.87,300.57,300.52,300.48,300.85,300.86
301.55,301.38,301.14,300.45,300.66,300.9,301.24,301.33,301.25,301.33,301.26,301.25,301.17,301.04,301.36,301.63,301.56,301.19,300.92,300.84,300.83,300.88,300.87,301,301.09,301,301.05,301.27,300.92,300.59,292.51,296.57,295.93,297.32,298.04,300.18,299.49,300.6,300.8,299.53,299.33,299.42,299.57,299.57,299.12,301.48,301.5,298.39,295.77,297.82,299.08,301.39,301.73,301.51,300.41,300.87,300.96,300.48,300.72,301.21,300.79,301.75,299.8,299.77,304,296.59,296.41,296.49,296.99,300.28,299.98,300.41
301.64,301.33,301.53,301.3,301.12,301.27,301.4,301.26,301.28,301.2,301.24,301.14,301.27,301.13,301.31,301.32,301.19,301.36,301.02,300.94,300.95,301,300.99,301.02,300.96,300.94,301.01,301.19,301.15,301.21,300.04,291.46,295.62,295.97,298.83,300.36,300.69,300.59,300.87,301.06,301.37,301.3,301.22,300.5,300.17,301.4,301.6,300.81,302.07,301.04,298.56,300.91,301.36,301.53,301.91,300.66,301.19,300.75,300.62,301,301.26,299.26,301.25,301.61,291.12,282.53,281.06,288.82,296.87,298.66,302.11,299.45
301.2,301.2,301.12,301.14,301.25,301.52,301.02,301.24,301.36,301.42,301.26,301.24,301.33,301.2,301.12,301.13,300.98,300.95,301.05,301.1,301.18,301.15,301.27,301.19,301.07,301.12,300.9,300.99,301.09,301.05,301.05,301.03,293.99,295.97,298.61,300.5,300.72,300.53,300.8,301.09,301.54,301.61,301.12,300.81,301.04,301.3,301.62,300.94,297.92,300.79,300.08,300.18,300.87,301.18,301.43,300.86,301.13,301.35,301.51,301.67,301.47,301.23,301.87,301.93,301.69,301.58,302.82,303.78,300.48,289.84,290.72,292.81
