data/0900-temp.json
{"header": {"discipline":0,"disciplineName":"Meteorological products","gribEdition":2,"gribLength":61446,"center":7,"centerName":"US National Weather Service - NCEP(WMC)","subcenter":0,"refTime":"2014-03-10T12:00:00.000Z","significanceOfRT":1,"significanceOfRTName":"Start of forecast","productStatus":0,"productStatusName":"Operational products","productType":1,"productTypeName":"Forecast products","productDefinitionTemplate":0,"productDefinitionTemplateName":"Analysis/forecast at horizontal level/layer at a point in time","parameterCategory":0,"parameterCategoryName":"Temperature","parameterNumber":0,"parameterNumberName":"Temperature","parameterUnit":"K","genProcessType":2,"genProcessTypeName":"Forecast","forecastTime":12,"surface1Type":103,"surface1TypeName":"Specified height level above ground","surface1Value":2,"surface2Type":255,"surface2TypeName":"Missing","surface2Value":0,"gridDefinitionTemplate":0,"gridDefinitionTemplateName":"Latitude_Longitude","numberPoints":65160,"shape":6,"shapeName":"Earth spherical with radius of 6,371,229.0 m","gridUnits":"degrees","resolution":48,"winds":"true","scanMode":0,"nx":360,"ny":181,"basicAngle":0,"subDivisions":0,"lo1":0,"la1":90,"lo2":359,"la2":-90,"dx":1,"dy":1}, "data":
[rows 32 to 63 of 181, columns 0 to 71 of 360]
280.31,280.29,280.28,280.14,280.06,280.01,279.84,277.97,277.59,278.83,279.43,279.14,275.01,273.57,274.12,274.39,275.15,277.13,277.32,277.13,277.01,276.71,276.24,275.56,275.23,274.75,275.33,275.97,275.38,276.25,276.64,276.89,276.97,275.6,275.49,275.36,275.25,274.8,274.62,274.34,274.03,273.69,272.95,272.73,272.74,273.48,273.9,273.92,274.17,274.14,274,273.96,273.89,273.86,273.71,273.76,273.73,273.53,272.87,272.48,273.17,273.26,273.03,272.25,271.46,270.77,271.03,271.52,272.14,272.37,272.4,272.23
280.06,280.16,280.14,280.05,280.02,279.92,279.86,279.72,279.49,278.64,276.42,278.56,277.97,274.86,274.93,275,276.08,277.59,277.52,277.34,277.18,276.53,274.92,275.43,275.48,274.71,275.04,275.84,275.97,275.67,276.19,276.79,275.45,274.92,274.58,274.64,274.06,273.83,273.71,273.68,273.83,273.73,273.31,272.84,272.31,271.97,273.48,274.12,274.1,274,274.17,274.05,274.02,273.92,273.92,273.67,273.37,273.25,272.5,271.82,271.53,271.12,270.81,270.25,269.98,270.64,271.54,271.36,271.41,271.68,271.75,271.69
280.11,280.1,280.04,280,280.06,280.07,279.85,279.71,279.02,276.05,276.84,278.16,277.85,276.39,276.44,277.69,278.03,278.04,277.86,277.77,277.62,276.97,274.99,275.31,275.75,275.54,275.63,275.69,275.71,275.62,275.94,275.6,275.11,274.77,274.51,274.14,273.98,273.87,273.77,273.51,273.35,273.36,273.02,272.08,271.84,272.48,273.64,273.95,273.91,273.89,273.54,273.66,273.71,273.7,273.47,273.07,272.1,270.42,270.18,269.8,269.58,270.14,269.48,269.02,268.71,269.53,270.41,270.23,270.21,269.86,269.89,270.5
280.15,280.06,280.14,280.17,280.28,280.27,279.94,279.63,279.35,277.86,278.6,277.92,277.48,278.11,278.15,278.29,278.55,278.56,278.3,278.34,277.99,277.24,276.43,276.59,276.79,276.53,276.31,276.09,276.14,276.3,275.98,275.52,275.17,274.81,274.24,274.24,273.75,273.39,273.55,273.61,273.33,272.75,272.03,272.05,273.12,273.23,272.81,272.64,272.63,273.56,273.11,272.3,271.75,271.79,271.61,271.54,269.29,267.35,267.81,266.87,268.05,267.65,267.65,267.78,268.02,268.19,267.73,267.87,267.59,267.86,269.06,269.97
279.6,280.28,280.35,280.41,280.53,280.45,280.11,280.06,280.11,279.59,278.56,278.06,277.98,278.31,278.55,279.01,278.18,276.91,277.03,277.01,276.7,276.67,276.49,276.58,276.61,276.23,275.96,275.17,275.46,275.23,274.92,274.74,274.66,274.48,274.36,274.03,273.64,273.18,272.62,271.72,270.98,270.22,270.04,272.37,272.2,270.76,269.58,268.78,268.41,270.34,268.85,268.27,268.23,268.29,267.02,266.21,264.38,263.39,262.99,265.74,266.75,267.22,266.98,266.67,266.64,266.66,266.42,266.61,267.39,268.21,268.94,269.94
277.98,279.9,280.74,280.79,280.78,280.59,279.4,279.22,279.12,279.8,279.94,279.23,278.63,278.74,279.01,277.97,276.35,275.5,276.12,276.19,275.57,276.19,276.17,276.31,276.1,275.74,275.67,275.6,275.45,275.17,274.98,274.66,274.31,274.24,274.16,273.79,273.45,272.7,272.01,271.36,271.25,269.77,269.09,268.58,267.39,266.74,267.04,267.7,269.06,269.69,268.58,268.4,266.2,264.35,263.28,262.79,261.07,260.68,263.63,266.14,265.17,266,265.79,265.52,265.51,265.85,265.27,266.5,267.48,267.71,267.78,269.42
276.14,278.01,281.17,281.25,280.83,279.49,279.38,279.48,279.65,279.1,279.28,278.92,279.66,277.75,277.34,277.45,276.3,275.65,276.16,276.07,275.71,276.05,275.72,275.91,275.95,276.28,276.47,276.46,276.08,275.39,275.06,274.9,274.75,274.17,273.78,273.7,273.17,273.07,273.25,273.24,271.61,270.22,268.93,267.84,267.15,267.12,266.89,266.3,266.32,265.45,264.62,264.62,263.55,262.49,261.66,261.58,259.1,258.81,262.82,263.6,263.12,264.11,264.15,264.12,264.51,264.02,264.96,266.33,266.75,267.68,267.82,268.14
277.67,280.85,280.99,279.95,279.92,280.32,280.45,280.37,278.4,278.98,278.16,278.58,275.9,277.53,276.71,276.32,276.51,276.21,276.24,276.18,275.62,274.74,275.91,275.85,275.98,275.97,274.44,274.52,275.64,275.89,275.37,275.39,275.16,274.61,274.18,273.7,273.21,273.18,272.55,272.51,272.54,270.68,263.68,260.29,258.91,261.01,265.2,264.86,264.95,264.43,263.84,263.88,263.17,263.19,262.96,262.19,261.54,259.81,261.77,262.56,262.03,262.77,262.84,262.65,263.14,263.39,265.63,266.08,266.88,265.57,264.79,266.24
282.06,281.18,280.29,280.23,279.24,278.58,278.35,278.61,278.36,278.51,277.42,277.14,275.32,274.31,273.84,275.32,274.28,274.11,274.26,275.34,274.54,274.32,274.18,274.98,275.45,275.34,273.84,274.03,274.74,275.45,275.69,275.22,274.85,274.37,274.17,274.07,273.58,273.21,272.62,271.75,271.33,270.21,268.37,266.38,265.5,264.62,263.83,265.05,264.51,264.08,263.68,263.46,262.94,262.79,262.69,263.35,263.04,262.3,262.44,262.7,262.98,262.25,262.68,262.34,262.38,262.8,263.72,263.34,261.95,261.19,261.97,265.94
278.81,278.55,280.06,280.02,279.25,278.85,277.85,278.18,278.97,277.05,275.76,275.49,275.69,275.11,272,274.52,273.87,275.65,274.22,272.84,272.17,274.53,275.04,272.85,273.96,274.57,274.25,274.1,274.48,274.87,274.78,274.43,274.88,275.34,273.31,273.06,272.51,272.1,271.56,271.09,271.08,270.99,270.51,268.64,265.85,266.76,267.04,267.5,266.66,266.33,265.46,264.36,263.76,263.41,263.28,262.61,261.54,256.96,254.05,261.95,260.65,262.09,262.21,262.79,261.97,260.45,259.46,259.75,260.41,263.12,266.43,267.1
280.3,280.59,281.01,279.9,278.47,277.49,277.75,275.28,274.85,274.5,274.51,273.84,273.85,273.78,274.81,274.38,273.44,276.07,277.81,276.93,276.5,278.05,277.71,276.71,273.74,270.52,273.52,275.33,275.14,274.98,275.09,274.92,274.14,273.7,273.23,272.53,272.14,271.77,271.01,271.22,270.93,271.25,271.9,273.28,271.45,272.13,272.82,272.64,272.71,272.86,272.48,271.25,268.79,266.34,264.73,263.62,262.65,260,255.25,254.62,255.55,259.94,259.33,259.02,259.42,259.9,263.25,263.39,262.43,267.02,267.95,267.63
281.34,280.76,280.09,278.32,276.68,278.43,277.26,274.9,272.88,264.81,264.65,265.92,266.15,265.82,268.99,272.48,276.46,277.22,277.51,278.29,277.9,278.51,277.78,274.97,274.91,271.46,270.9,274.95,274.96,275.12,274.77,274.7,274.63,274.87,274.44,272.86,272.19,273.47,275.57,275.46,273.15,273.61,272.51,271.7,272.01,274.2,275.9,276.74,276.4,276.26,276.55,277.36,274.92,272.96,270.55,266.61,265.58,263.1,256.65,253,254.87,256.37,255.57,255.16,256.63,256.96,268,268.16,268.6,268.32,266.8,265.12
281,278.89,276.89,276.48,275.51,279.22,275.03,260.7,262.99,275.39,272.52,273.12,275.37,279.61,275.64,274.92,277.06,277.14,277.29,278.38,278.23,278.04,274.86,275.01,274.72,272.69,271.19,274.35,275.47,274.86,276.94,279.18,277.92,276.6,276.03,278.46,279.13,278.72,275.15,273.27,274.36,274.12,274.2,274.71,275.2,275.56,277.49,278.21,278.83,279.34,279.45,279.53,279.91,276.55,274.16,273.78,272.79,270.53,270.04,273.23,277.52,272.76,259.81,267.6,268.92,264.23,269.66,268.05,264.94,265.05,265.83,266.54
281.54,280.26,278.36,274.38,275.19,278.02,270.17,267.52,278.14,278.56,278.5,280.18,282.6,285.03,282.4,274.87,273.19,275.34,276.31,276.95,277,276.42,273.32,275.36,275.77,275.61,276.01,276.67,275.76,277.28,279.81,279.34,279.33,279.05,275.67,276.98,278.26,276.9,275.09,276.33,276.2,275.84,274.4,274.69,276.38,277.75,278.56,279.57,279.72,279.79,279.74,279.19,277.28,276.59,275.43,274.61,274.46,274.53,277.29,281.29,280.39,277.71,269.86,270.23,270.77,263.26,269.6,267.87,266.96,266.37,265.7,264.31
280.78,280.63,277.99,275.93,278.36,279.49,275.13,271.2,279.95,285.87,280.86,275.87,277.31,284.26,285.11,283.36,276.45,271.43,272.72,272.05,273.26,274.84,273.28,276.18,275.16,275.49,276.35,275.47,275.84,280.43,280.01,280.29,280.38,280.17,279.79,279.43,279.11,278.89,280,281.17,276.28,276.82,276.52,275.28,276.22,278.7,278.98,279.07,279.72,279.66,279.73,278.63,276.56,276.27,274.8,274.45,273.88,273.8,275.17,279.41,278.39,273.76,272.47,270.93,269.77,268.08,271.54,272.96,271.48,271.94,271.33,268.6
272.77,277.71,279.95,285.77,286.85,286.53,286.03,286.72,286.53,285.85,284.95,277.83,276.97,275.73,284.05,285.13,285.05,282.17,275.57,268.68,269.82,271.45,272.96,270.27,271.07,270.62,271.34,273.93,279.17,280.81,280.83,280.62,280.34,280.19,280.18,279.99,280.12,281.04,282.69,283.78,284.07,284.77,275.76,271.08,275.46,276.67,277.51,278.62,279.21,280.37,280.19,280.17,278.57,276.21,275.72,274.67,274.16,273.74,273.67,273.84,273.83,273.74,273.84,273.8,273.39,273.31,273.29,273.47,273.56,273.75,269.51,270.67
279.27,278.96,278.51,280.66,286.62,286.53,286.59,286.51,286.05,276.19,285.46,285.57,281.33,275.75,272.48,281.26,284.14,285.75,284.69,281.31,273.38,269.61,273.62,270.47,268.5,272.15,273.69,273.42,278.39,280.82,280.83,280.89,281.03,279.94,278.56,279.37,281.03,281.79,282.66,283.28,284.21,285.06,286.13,280.32,276.71,276.13,273.63,269.46,277.35,280.45,281,281.04,280.83,277.63,277,275.16,275.46,275.92,275.25,274.65,274.23,273.92,273.73,273.81,273.67,273.14,273.41,273.1,271.93,271.36,266.64,250.86
281.59,285.67,287.32,286.99,286.65,286.67,286.63,286.36,286.06,282.43,286.21,286.52,286.28,285.39,281.85,275.65,276.2,280.8,285.19,284.37,278.58,271.17,272.23,275.8,276.34,277.5,274.42,273.46,279.14,280.39,280.16,279.71,276.98,277.96,276.49,277.36,277.94,279.79,281.91,280.62,283.5,278.38,277.28,271.16,272.88,275.96,280.8,280.88,274.45,281.59,282.09,281.87,281.78,279.45,278.51,276.33,276.34,276,276.15,275.61,275.37,275.3,274.67,274.24,272.4,273.27,273.42,272.81,272.61,273.21,269.46,271.98
279.75,286.83,286.9,286.22,286.93,286.91,286.49,286.03,285.06,275.78,285.31,286.52,286.38,286.34,286.22,284.88,277.06,284.24,284.14,287.03,279.95,272.58,273.84,281.11,282.28,281.67,280.44,273.5,276.8,275.28,275.47,275.53,276.68,277.57,279.02,278.08,279.16,277.78,277.5,276.88,275.48,274.51,274.98,274.74,282,275.74,272.91,279.53,280.94,281.96,283.03,282.86,282.79,281.72,278.44,276.99,277.32,277.65,277.09,276.58,276.11,275.9,275.3,274.85,275.3,275.63,273.76,272.06,271.99,273.76,271.92,270.36
286.56,286.49,287.07,286.87,287.17,287.1,286.72,286.66,286.52,283.2,286.24,286.24,286.29,286.32,286.36,286.54,283.46,282.76,286.47,286.72,286.28,279.13,272.38,278.22,282.66,282.67,280.97,279.08,277.05,276.27,274.16,275.77,277.84,278.34,279.18,279.62,277.18,275.3,276.27,279.36,279.13,276.74,276.14,275.05,274.11,281.88,277.19,278.71,278.4,282.57,283.92,283.92,283.71,283.45,280.03,278.81,278.36,278.96,277.53,277.82,277.11,276.84,276.93,277.09,277.26,276.39,274.19,270.62,250.25,256.5,262.63,258.8
286.49,286.37,286.95,287.09,286.96,287.03,286.92,286.49,286.67,286.11,285.91,286.25,286.21,278.94,277.47,274.74,281.29,286.17,286.29,286.39,286.7,284.49,275.17,278.26,280.92,283.82,283.74,282.54,278.31,280.05,278.99,276.35,275.77,278.8,278.14,273.47,273.15,274.37,276.86,279.52,280.81,282.37,281.26,274.76,274.26,280.4,282.84,280.13,278.44,282.51,284.15,285.57,285.79,286.01,286.28,285.35,284.16,279.04,278.55,279.22,277.48,277.09,276.76,277.22,277.57,277.68,274.08,272.66,272.65,272.7,271.44,256.12
286.78,286.75,286.48,286.07,285.78,286.27,284.7,283.97,284.23,282.24,282.22,284.8,286.46,286.64,285.06,281.17,286.73,286.93,287.03,286.61,286.51,286.55,279.95,279.55,284.36,284.73,285.07,285.8,282.48,277.84,275.75,280.96,273.83,276.67,273.73,281.22,282.14,280.28,280.23,280.9,281.69,282.4,285.15,281.9,280.62,277.24,284,277.79,281.99,282.04,282.89,287.23,287.01,287.23,288.39,286.24,278.6,278.09,274.49,274.5,277.7,277.53,276.44,275.28,275.53,276.71,277.33,278.26,277,275.22,271.02,264.03
286.44,279.12,274.11,276.83,277.78,276.35,276.06,277.41,278.46,277.79,281.82,286.45,286.92,287.32,287.19,287.26,287.32,287.29,286.55,286.62,287.12,286.62,285.96,285.44,285.6,285.7,286.02,286.55,285.05,287.1,287.26,288.17,288.21,285.81,288.81,288.95,284.48,282.66,282.58,283.55,283.45,285.06,286.21,286.63,286.64,285.4,279.51,279.57,280.66,277.5,280.93,275.78,272.93,279.96,279.27,280.94,280.66,281.55,278.02,275.58,274.93,276.66,274.68,273.03,274.51,274.34,272.63,273.08,268.95,273.08,254.35,254.87
275.9,277.43,279.05,279.42,278.8,282.9,281.87,280.66,279.55,282.29,283.64,286.07,287.34,287.56,287.36,287.52,287.43,287.5,286.82,286.61,286.43,286.82,286.88,286.53,284.14,282.1,282.51,286.85,287.48,287.81,288.22,288.61,288.92,283.5,287.26,289.63,285.22,281.28,280.19,283.99,285.93,286.61,286.25,287.96,288.64,287.33,283.78,279.86,279.6,279.81,278.57,284.79,286.19,285.73,285.31,284.6,283.35,280.36,279.98,278.39,273.96,276.19,273.49,273.71,272.54,260.22,250.09,245.59,252.25,267.63,268.07,272.68
282.17,279.96,278.62,281.64,283.93,286.47,288.65,286.97,286.55,286.1,286.13,287.38,287.59,287.56,287.79,287.91,287.77,287.89,287.7,288.14,287.39,286.13,285.64,286.01,286.89,287.28,287.58,287.68,287.83,288.24,288.59,288.87,289.18,289.32,289.65,289.02,276.94,281.61,282.74,283.88,286.27,286.77,287.09,289.54,290.69,291.08,285.32,282.47,280.52,279.33,279.65,279.07,284.47,285.24,287.35,286.37,287.13,282.03,280.11,275.29,276.79,276.08,274.45,270.53,259.13,250.14,256.85,255.96,252.07,268.1,267.67,275.38
281.5,282.22,283.41,283.3,284.49,286.49,287.22,287.08,286.87,286.29,284.02,284.58,286.25,287.45,287.77,288.31,288.37,288.32,288.31,288.38,288.45,288.35,285.62,287.73,288.24,287.57,287.77,288.01,288.25,288.47,288.63,288.89,289.17,289.43,289.8,286.8,281.19,281.98,283.56,283.46,284.62,287.12,288.11,289.76,291.22,292.12,292.58,286.31,285.07,281.77,275.3,279.57,280.92,281.22,285.75,286.8,286.69,285.84,282.91,278.75,275.1,277.19,276.59,277.9,268.99,270.23,272.55,260.17,269.53,269.7,279.88,284.75
283.72,284.45,285.21,284.04,285.51,287.08,286.98,286.16,284.45,284.05,283.09,283.34,282.07,278.96,282.58,284.94,288.22,288.82,288.95,288.99,287.58,283.28,285.55,286.48,288.73,289.3,289.21,288.96,289.05,289.08,289.01,289.04,289.26,289.66,289.57,283.91,282.77,284.12,283.84,283.18,284.68,287.14,289.83,290.49,292.78,292.65,293.74,293.38,291.48,291.4,282.11,278.32,282.01,283.9,283.99,285.48,283.79,287.34,285.97,282.1,277.39,279.89,280.31,281.87,280.06,278.36,277.97,275.63,272.26,275.72,282.79,284.53
285.75,285.41,285.25,286.52,286.83,287.27,286.69,286.75,284.49,284.3,283.9,281.92,281.54,281.07,284.28,285.17,285.95,287.06,288.8,289.38,288.47,286.94,286.72,287.29,287.18,286.91,287.27,286.88,287.65,288.86,283.89,278.08,282.81,288.47,288.2,286.61,282.68,284.81,285.72,284.57,285.36,287.96,290.55,292.04,293.71,293.47,293.75,293.71,294.52,294.99,289.11,279.48,278.32,284.16,286.44,284.78,285.8,283.86,288.74,285.6,280.77,281.87,280.9,279.92,280.44,278.87,278.81,272.03,272.82,277.52,280.26,285.25
288.34,287.65,287.4,286.6,286.74,286.42,286.25,285.77,284.27,284.14,284.48,282.84,282.34,282.27,283.48,284.81,284.75,284.92,285.19,287.47,289.07,289.45,287.44,287.23,287.79,288.2,287.53,288.74,289.24,287.99,286.93,285.95,287.01,286.56,286.9,286.53,282.66,283.45,286.35,287.54,287.65,289.1,291.35,291.89,291.72,292.61,293.41,293.63,294.46,294.16,294.41,289.46,280.47,283.31,283.09,286.09,282.29,282.98,287.64,288.92,282.64,281.4,283.3,280.26,278.69,279.37,278.58,274.18,280.81,281.26,283.03,285.12
290.03,289.31,288.19,286.87,285.59,285.18,285.46,286.22,286.08,284.03,282.46,282.42,283.02,283,283.54,283.32,284.06,285.58,286.32,288.9,289.77,288,288.16,287.91,287.93,288.29,287.84,287.89,287.2,286.93,287.73,286.25,285.18,292.86,282.27,286.09,283.94,284.86,286,286.91,287.72,289.26,290,289.62,291.71,294.76,294.13,293.94,293.83,294.03,294.59,295.77,288.53,284.52,284.86,286.07,283.87,282.68,283.51,288.91,285.59,280.31,281.37,280.3,279.54,280.02,276.06,275.1,289.68,286.58,286.64,285.53
290.19,289.31,287.77,286.94,286.12,285.97,286.42,287.13,286.25,284.94,284.28,283.68,284.17,285.3,284.64,285.43,284.68,284.25,286.27,287.72,288.38,288.56,288.78,287.71,286.83,286.87,287,286.33,286.03,285.83,287.28,285.53,284.91,288.21,289.3,293.92,285.43,285.58,286.55,287.94,287.72,289.58,291.52,292.59,294.05,294.63,294.81,295.45,295.23,294.75,295.37,296.3,295.78,293.76,291.77,294.83,291.8,290.22,292.39,288.89,285.48,284.54,280.72,285.49,284.23,282.85,277.39,280.79,288.71,287.64,286.88,288.22
291.55,290.71,290.55,289.59,288.27,287.11,287.01,286.41,286.28,285.9,285.55,285.53,285.81,286.59,287.09,286.01,284.94,282.27,286.38,288.1,288.4,287.51,287.03,284.67,286.82,285.73,284.45,284.63,285.21,285.45,284.9,285.91,285.63,285.69,293.81,295.17,294.03,286.06,286.54,288.22,289.81,290.31,290.52,292.45,294.1,295.25,295.01,297.78,297.77,297.01,295.56,296.15,296.94,297.45,296.4,295.67,297.33,298.03,290.17,291.64,290.83,287.8,284.03,282.19,282.1,280.49,283.02,285.94,286.92,289.5,289.36,289.46
