data/1200-temp.json
{"header": {"discipline":0,"disciplineName":"Meteorological products","gribEdition":2,"gribLength":35117,"center":7,"centerName":"US National Weather Service - NCEP(WMC)","subcenter":0,"refTime":"2014-03-10T12:00:00.000Z","significanceOfRT":1,"significanceOfRTName":"Start of forecast","productStatus":0,"productStatusName":"Operational products","productType":1,"productTypeName":"Forecast products","productDefinitionTemplate":0,"productDefinitionTemplateName":"Analysis/forecast at horizontal level/layer at a point in time","parameterCategory":0,"parameterCategoryName":"Temperature","parameterNumber":0,"parameterNumberName":"Temperature","parameterUnit":"K","genProcessType":2,"genProcessTypeName":"Forecast","forecastTime":15,"surface1Type":103,"surface1TypeName":"Specified height level above ground","surface1Value":2,"surface2Type":255,"surface2TypeName":"Missing","surface2Value":0,"gridDefinitionTemplate":0,"gridDefinitionTemplateName":"Latitude_Longitude","numberPoints":65160,"shape":6,"shapeName":"Earth spherical with radius of 6,371,229.0 m","gridUnits":"degrees","resolution":48,"winds":"true","scanMode":0,"nx":360,"ny":181,"basicAngle":0,"subDivisions":0,"lo1":0,"la1":90,"lo2":359,"la2":-90,"dx":1,"dy":1}, "data":
[rows 70 to 104 of 181, columns 78 to 155 of 360]
297.7,299.5,299,297.3,295.5,298.4,295.5,298.7,299.5,298.8,299.2,299.1,299.3,299.1,298.9,298.7,297.5,303.3,303.3,299.9,301.1,303.7,304.8,302.6,302.4,302.2,297.2,296.5,293.7,294.8,294.9,295.3,297.8,295.5,295.6,295.9,296,296.2,296.5,296.8,296.9,296.8,296.5,296.2,296,296,296,295.9,295.8,295.8,295.7,295.5,295.2,295.2,295.2,295.2,295.2,295.2,295.1,295,294.9,294.8,294.8,294.7,294.7,294.8,294.8,295,295.3,295.5,295.7,295.9,296,296.2,296.6,296.8,297.2,297.8
296.2,298,299.3,298.5,296.1,294.7,297.2,299,299.1,299.4,299.4,299.5,299.5,299.4,299.4,299.3,302.7,305.2,302.8,301.6,301,305.3,304.8,303,302.1,299,299.5,296.4,293.2,295.3,295.4,300.4,295.6,296.2,296.3,296.4,296.7,296.8,297.1,297.5,297.7,297.7,297.5,297.4,297.3,297.3,297.1,296.9,296.8,296.7,296.5,296.1,296,295.8,295.8,295.7,295.7,295.7,295.7,295.8,295.8,295.7,295.7,295.6,295.6,295.7,295.8,296.1,296.3,296.5,296.6,296.8,297.1,297.4,297.6,298,298.2,298.1
297.4,296.5,297.8,299.6,296.7,298.3,299,299.2,299.3,299.4,299.6,299.6,299.5,299.5,299.5,299.5,298.9,304.7,302.2,303.8,302.4,307.2,304.6,305.7,303.6,304,303.8,300.8,297,295.7,296.1,296.8,297,297,297.2,297.3,297.5,297.6,297.8,298.1,298.4,298.5,299.4,295.3,295.5,298.1,298.1,298,297.7,297.6,297.3,296.9,296.6,296.6,296.6,296.7,296.7,296.7,296.7,296.7,296.7,296.7,296.8,296.8,296.8,296.8,296.9,297,297.3,297.5,297.7,297.9,298.2,298.5,298.7,298.6,298.6,298.8
296.7,296.8,298.6,298.8,300.4,299.3,299.5,299.4,299.4,299.5,299.5,299.5,299.5,299.4,299.4,299.5,299,304.2,302.8,301.7,306.4,306.7,305.8,304.5,305.3,303.1,302.1,303.3,299.8,299.1,296.3,297.2,297.5,297.8,297.9,298.1,298.2,298.3,298.4,298.6,299,299,299.5,295.2,294.2,298.6,298.9,298.6,298.4,298.2,297.9,297.7,297.5,297.6,297.6,297.6,297.5,297.5,297.6,297.7,297.8,297.8,297.8,297.7,297.6,297.7,297.8,298,298.2,298.6,298.8,299,299.2,299.2,299.1,299.1,299.3,299.3
298.4,296.1,300.1,301.1,299.6,299.6,299.5,299.5,299.5,299.4,299.3,299.3,299.3,299.3,299.2,299.3,299.6,303.4,299.6,300.5,307.7,303.7,306.2,305.9,306.2,305,303.8,304.5,304.6,299.5,299,297.2,297.9,298.3,298.4,298.6,298.8,298.8,298.8,299.1,299.7,299.4,304.1,300.5,297.8,299,299.3,299.2,299,298.8,298.4,298.3,298.2,298.3,298.4,298.4,298.5,298.5,298.5,298.5,298.5,298.5,298.6,298.6,298.6,298.7,298.9,299.1,299.4,299.6,299.5,299.6,299.6,299.6,299.6,299.6,299.7,299.9
297.7,297.2,300.6,299.6,299.7,299.6,299.5,299.4,299.4,299.4,299.3,299.3,299.2,299.1,299.1,299.4,299.5,299.2,300.1,300.6,305,305.5,306.6,305.6,308.2,305.4,305.5,305.6,306.5,305.5,294.6,298.1,298.3,298.5,298.8,299,299,299.1,299.2,299.7,299.9,299.8,302.3,299.4,299.1,299.2,299.3,299.5,299.3,299.3,299.2,299.2,299.2,299.2,299.2,299.2,299.2,299.1,299.1,299.1,299.2,299.3,299.3,299.5,299.6,299.6,299.7,299.6,299.6,299.8,299.8,300,300.1,300,300,299.9,300.1,300.3
295.5,296.2,300.2,299.4,299.5,299.5,299.4,299.4,299.4,299.4,299.5,299.3,299.3,299.3,299.4,299.6,299.8,300.2,300.4,300.6,302.2,307.1,306.2,305.1,304.8,305,304.4,304.4,304.6,303.9,300.4,297.9,298.6,298.9,299.3,299.4,299.4,299.6,299.9,300.2,300.4,300.2,299.9,301.2,300.8,300.4,299.2,300.3,300.2,300.1,300,299.8,299.8,299.8,299.7,299.7,299.7,299.8,299.8,299.9,300.2,300.2,300.2,300,299.9,299.8,299.7,299.8,300.1,300.1,300.2,300.5,300.4,300.3,300.3,300.3,300.4,300.6
293.6,296.4,300.1,299.3,299.3,299.3,299.3,299.3,299.5,299.6,299.7,299.5,299.7,299.7,299.7,300,300.2,300.4,300.6,301.1,300.4,305.4,304.2,303,305.8,308.1,302.1,304.7,304.5,303.5,301.3,296,299.1,299.3,299.6,299.7,299.7,299.9,299.9,300.4,300.2,299.9,299.4,301.2,298.2,300.1,300.4,300.3,300.5,300.3,300.3,300.1,300.1,300,300.1,300.3,300.6,300.6,300.6,300.6,300.5,300.4,300.3,300.2,300.2,300.2,300.2,300.3,300.5,300.6,300.7,300.6,300.6,300.8,300.7,300.7,300.6,300.9
296.3,297.8,299.6,299.6,299.5,299.6,299.6,299.6,299.7,299.8,300,299.8,299.9,299.9,300,300.7,300.5,300.9,301.3,301,299.8,306.9,300.9,300.1,299.6,302.2,305.7,306.4,305.4,305.9,303.1,300.5,299.4,299.5,299.7,299.7,299.3,299.3,300,300.4,300.2,299.9,299.7,300.4,299.4,300.5,302.9,301.4,300.5,300.7,300.4,300.6,300.6,300.6,300.7,301.1,301,300.9,300.7,300.7,300.6,300.6,300.5,300.4,300.3,300.2,300.4,300.5,300.6,300.6,300.6,300.8,301,300.8,300.6,300.7,301,300.9
298.7,299.2,299.8,299.6,299.6,299.8,299.8,299.8,299.8,299.8,300,300.1,300.2,300.4,300.3,300.5,301.1,301.4,301.1,300.5,299.6,302.8,300.1,300.3,300.5,300.3,304.6,305,303.8,308.4,304.1,299.3,299.6,299.8,299.8,299.6,299.7,299.9,300.1,300.3,300.4,300.6,300,299.9,301.3,300.4,301,301,300.7,300.7,300.9,300.8,300.8,300.9,300.8,300.6,300.6,300.6,300.7,300.7,300.7,300.9,300.9,301.1,300.9,300.7,300.7,300.7,300.7,300.7,300.8,300.8,300.6,300.7,300.9,300.8,300.9,301
297.7,300.3,300,299.7,299.7,299.7,299.7,299.8,300,300.1,300.2,300.4,300.5,300.6,300.8,301.3,301.4,301.2,300.7,300.4,300.2,302,300.5,300.3,300.2,300,299.4,303.4,305.1,299.1,298.9,299.5,299.7,299.8,299.8,300,300.1,300.2,300.4,300.4,300.4,300.7,299.8,299.7,300.2,301.2,300.1,300.6,300.7,300.9,300.9,300.9,300.9,300.9,301,301,301,301.1,301.1,301,301,301,301.2,301.4,301.3,301.3,301.1,301,301,300.8,300.9,301.1,301.1,301.1,300.8,300.8,301,301.3
299.4,300.2,300,300.4,300,300,300,300,300.1,300.2,300.5,300.7,300.6,300.8,301.1,301.3,301.3,301,300.8,300.4,300,303.1,300.6,300.4,300.2,299.9,299.9,303.5,299.3,299.1,299.3,299.6,299.8,299.8,300,300.3,300.3,300.3,300.3,300.4,301.5,300,300,299.9,300.2,300.3,300.6,298.9,296.7,300.9,301,300.9,301.2,301.2,301,300.8,301,301.1,301.1,301.2,301.3,301.3,301.7,301.7,301.6,301.5,301.4,301.4,301,300.9,301.3,301.2,301.1,301.1,301.1,301.2,301.4,301.3
300.2,299.6,300.1,299.7,300.2,300.2,300.3,300.4,300.4,300.5,300.6,300.8,300.6,301,301,301.2,301.2,301.3,301,300.4,299.8,301.8,301.1,300.7,300.2,300,299.9,299.6,299.4,299.2,299.5,299.8,299.9,299.9,300.1,300.2,300.2,300.1,300.1,300.2,299.8,300.4,300.4,300.3,300.7,303.6,301.3,297.5,296.8,300.7,300.8,301.2,301.2,301.3,301.2,301,300.9,301,301.2,301.1,301.5,301.6,301.6,301.7,301.9,301.8,301.7,301.5,301.3,301.2,301.4,301.3,301.3,301.4,301.5,301.6,301.5,301.4
300.3,300.1,301,293.7,300.3,300.5,300.6,300.6,300.7,300.8,300.8,300.8,300.8,301,301.2,301.4,301.2,301.3,300.7,300.5,300.3,299.9,303,300.3,299.6,300,299.9,299.7,299.5,299.4,299.7,300,299.9,300,300.2,300.2,300.1,300.1,299.9,300.2,300.2,300.4,300.7,300.7,302.3,299.8,302.2,297.8,298.5,300.5,301,300.9,300.9,300.9,300.9,300.8,300.7,300.6,300.9,301,301.1,301.5,301.6,301.4,301.3,301.8,301.9,301.6,301.6,301.5,301.5,301.4,301.3,301.4,301.8,301.7,301.4,301.5
300.9,300.8,299.7,299.9,300.6,300.6,300.8,300.8,300.9,300.8,300.9,301,301.1,301.2,301.5,301.6,301.6,301.2,300.6,300.6,300.3,300,299.4,301.6,303.1,299.2,299.9,299.8,299.7,299.7,299.9,300,299.9,300,300.1,300.1,300.1,299.7,302.1,301.8,300.7,300.5,300.9,300.9,300.9,300.7,301.2,303.5,300.4,300.8,300.6,300.9,300.8,300.7,300.7,300.6,300.6,300.4,300.6,300.9,301,301.2,301.6,301.6,301.5,301.6,301.9,301.8,302,301.7,301.6,301.6,301.5,301.2,301.9,301.9,301.4,301.6
301,301.1,300.8,300.7,300.7,300.9,300.9,300.9,301,301,301.1,301.1,301.2,301.3,301.9,302,301.8,301.9,297.4,301.5,300.8,301.4,300.3,305.9,303.7,301.6,299.5,299.7,299.8,299.9,300.1,300.1,299.9,299.9,300.2,300,299.5,300.8,301.8,298.6,302.7,301,301,301.3,301.3,301.3,301,300.6,300.7,300.9,300.7,300.6,300.6,300.5,300.5,300.5,300.5,300.4,300.6,300.8,301,301.2,301.4,301.5,301.5,301.4,301.4,301.6,301.7,301.7,301.7,301.6,301.6,301.5,301.4,301.4,301.4,301.5
301.4,301.3,301.1,301,301.1,301.1,301.1,301.1,301.2,301.3,301.3,301.3,301.3,301.3,301.5,301.3,301,300.9,301.8,299,303.9,300.5,300.5,308.2,301.1,302.2,299.1,299.5,299.8,299.9,300.5,300,300,299.9,300.1,299.6,305.9,305.2,299.5,306.7,301,300.2,301.2,300.9,300.8,300.8,300.7,300.5,300.6,300.8,300.6,300.6,300.4,300.4,300.3,300.3,300.4,300.4,300.4,300.7,300.9,301.1,301.2,301.2,301.3,301.4,301.3,301.5,301.7,301.6,301.4,301.5,301.4,301.4,301.5,301.2,301.1,301.1
301.3,301.5,301.5,301.4,301.4,301.3,301.3,301.4,301.5,301.5,301.5,301.5,301.5,301.5,301.2,301,300.9,301.1,301.6,301.7,302.8,300.5,301.3,300.2,301.5,302.3,299.3,299.6,299.8,300,300.2,300,300.2,300,300.2,302.7,302.7,301.9,300.8,303.8,299.4,300.4,300.7,300.6,300.4,300.3,300.4,300.7,301.1,300.8,300.3,300.4,300.3,300.2,300.1,300.1,300.2,300.4,300.4,300.5,300.8,300.9,301.1,301.3,301.3,301.3,301.3,301.4,301.5,301.6,301.3,301.1,301.3,301.3,301.3,301.3,301.2,301.2
301.6,301.3,301.6,301.3,301,300.8,301.1,301.2,301.3,301.4,301.6,301.5,301.8,301.4,301.1,300.9,300.9,301.1,301.3,301.2,302,296.9,304.5,303,300.2,302.9,301.6,299.9,300,300.2,300.3,300.3,300,300.6,303.4,304.7,300.1,300,301.4,303.7,301.7,300.9,300.9,300.2,300.2,300.5,300.1,300.4,301,300.5,301.6,300.1,300.3,300,300,300,300.1,300.2,300.5,300.5,300.6,300.8,301,301.2,301.3,301.3,301.2,301.1,301.3,301.3,301.1,301.1,301.2,301.3,301.5,301.3,301.6,301.4
301.8,301.7,301.8,301.8,301.9,301.6,301.5,301.5,301.3,301.5,301.4,301.5,301.7,301.2,301.1,301,300.9,301,301.3,301.5,301.4,304.1,300.8,302.1,303.2,300.9,300.5,300.1,300.1,300.2,300.3,302.8,301.9,299.3,301,300.2,300.7,303.6,299.3,304.5,305.4,301.5,300.8,299.9,299.9,301.1,300.4,302.8,301,300.7,304,301,300.6,300.1,300,299.9,299.9,300.2,300.3,300.4,300.6,300.7,300.8,300.9,301.1,301.3,301.2,301,301,301.1,301.1,301.2,301.2,301.3,301.3,301.3,301.1,301.3
301.6,301.6,301.6,301.8,301.8,301.6,301.4,301.5,301.5,301.4,301.2,301.5,301.4,301.2,301.2,301.1,301.2,301.2,301.4,301.2,301.5,301.2,301,301,302.4,303.5,300.2,300.1,300.2,300.2,300.3,300.5,303.7,303.6,303.1,301.4,304.7,300.4,304.3,304.6,300.3,300.9,304.1,301.1,301.2,301.6,302.2,300.9,301.3,300.5,303.3,300.4,300.9,302.2,299.6,299.7,300.2,300.2,300,300.4,300.4,300.6,300.7,300.9,300.9,301,301.1,301,300.9,300.9,301,301.2,301.2,301.3,301.3,301.3,301.4,301.3
301.2,301.6,301.9,301.8,301.6,301.4,301.6,301.7,301.5,301.6,301.6,301.6,301.5,301.4,301.3,301.3,301.3,301.4,301.4,301.4,301.3,301.4,302.5,296.6,298.7,302.8,301.4,300.3,300.2,300.4,300.2,299.8,303.3,302.1,302.4,304.8,302.8,303.9,302.7,304.8,300.9,301,299.5,301.1,301.8,302.5,301.3,301.5,301.7,301.4,301.2,300.9,300.5,304.2,306.1,301.8,296.6,300.5,305.7,300,300.4,300.4,300.8,300.9,300.9,300.9,301,301,301,301,301,301.2,301.3,301.3,301.3,301.4,301.4,301.5
301.1,301.4,301.4,301.4,301.5,301.3,301.2,301.5,301.5,301.6,301.5,301.4,301.3,301.2,301.2,301.1,301.1,301.3,301.4,301.4,301.5,302.1,301,303.9,301.4,300.4,303.4,300.6,302.5,300.5,300.3,300.5,304.5,303.9,304.2,305,306.2,304.6,302.6,300.8,301.4,301.7,297.9,304.1,301.8,301.7,301.5,301.8,301.8,301.6,301.4,300.7,302.2,301.1,303,306.8,304.5,300.5,301.2,303.2,302.9,301.7,300.7,300.2,300.8,300.9,300.9,301,300.9,302.2,301.1,301.4,301.4,301.4,301.5,301.4,301.6,301.5
301.4,301.4,301.3,301.2,301.4,301.2,301.3,301.5,301.7,301.9,301.8,301.4,301.1,301.1,301.1,301.1,301.1,301.3,301.3,301.2,301.3,301.4,302,301.4,300.6,301,302.2,303.3,301.5,300.8,303.5,301,301.1,305.8,306.7,306.7,305.8,305.9,303.3,301.6,301.5,302,299.5,301.3,303.2,301.4,301.8,301.6,300.4,301.2,301.7,304.1,302.8,301.1,301.4,306.4,303.4,300.5,305.9,300.3,303,301,298.3,299.5,299.9,300.6,300.7,300.9,301.1,301.4,301.2,301.5,301.9,301.7,301.3,301.7,301.9,301.8
301.5,301.4,301.3,301.5,301.4,301.4,301.3,301.7,301.6,301.6,301.7,301.5,301.2,301.2,301.2,301.2,301.2,301.2,301.1,301.1,301.2,301.5,301.3,300.9,301.6,298.2,301.5,301.9,300.4,300.4,300.8,300.7,301.3,301.2,301.3,301.3,300.9,303.3,301.9,301.1,301.5,300.6,309.8,301,305,301.6,301.5,301.6,302.2,302,301.5,300.8,301.1,301.9,301.3,301.8,302.9,306.5,291.5,285.1,281.3,289.3,300.4,302.5,304.4,305.2,302.5,301.5,300.9,301.2,301.5,301.6,301.7,301.6,301.4,299.7,301.6,301.6
301.5,301.6,301.7,301.6,301.4,301.4,301.5,301.5,301.4,301.2,301.2,301.1,301.2,301.3,301.3,301.3,301.4,301.3,301.2,301.2,301.1,301.2,301.3,301.4,301.3,301.6,299.8,301.6,300,300.5,301,300.7,300.8,301.1,301.5,301.7,301.4,301,301.1,301.5,301.8,301,301.9,300.7,301.7,302.7,301,301.3,301.4,300.9,301.2,301.2,301.5,301.5,301.3,301.4,301.8,302,302,303.1,307.7,308.2,303.5,293.2,291.6,295.2,298.1,305.3,301.6,301.4,300.9,301.1,300.5,299,302.6,302.2,301.9,301.9
301.6,301.8,301.8,301.6,301.7,301.8,301.5,301.4,301.2,301.1,301.1,301.2,301.5,301.5,301.5,301.6,301.6,301.5,301.4,301.6,301.5,301.5,301.5,301.5,301.5,301.5,301.5,301.1,300.9,300.9,300.9,300.5,301,301.4,301,301.3,301.5,301.2,301.2,301.2,301.1,301,301.9,300.9,300.8,301.2,301,301,301.4,301.3,301.4,301.5,301.7,301.7,301.6,301.6,301.3,303,302.5,302.3,302.1,307.3,306,308,308.5,295.2,291.9,289.8,297.1,295.3,301.4,303.4,300.2,300.2,302.3,301.9,301.8,297.9
301.8,301.7,301.8,301.8,301.6,301.6,301.4,301.2,301.1,301.2,301.3,301.3,301.4,301.7,301.5,301.6,301.6,301.5,301.7,301.8,301.9,301.6,301.5,301.4,301.3,301.2,301.2,301.3,301.7,300.1,298.4,301.6,299.2,305.6,304.7,303.2,302.5,301.5,301.3,301.3,301.3,301.4,301.3,301.1,301.3,301.2,301.1,301.1,301,301.3,301.6,301.7,301.6,301.2,301.6,301.4,301.4,301.5,301.7,302.1,301.5,306.2,306.5,307.6,306.4,304.9,305.3,302,291.8,302.8,302.3,301.8,302.1,301.3,301.5,301.9,302,302.1
301.6,301.7,302.2,301.6,301.4,301.4,301.2,301.1,301.1,301.1,301.3,301.6,301.7,301.7,301.8,301.8,301.6,301.7,301.8,301.9,301.9,301.6,301.4,301.3,301.2,301,301,300.9,300.7,300.4,301,301.2,302.3,301,302.5,296.7,302.2,300.7,301.7,300.9,300.1,301.2,301.3,301.1,300.9,301.2,301.1,301.1,301.2,302,301.2,301.6,301.5,301.7,301.8,301.3,301.1,301.3,301.3,301.4,305.1,307,307.1,306.6,306.8,305.8,302.5,301.1,304.3,290,303.4,301.8,302.1,301.7,301.6,301.6,301.9,302
302,301.8,301.7,301.7,301.3,300.9,300.7,300.6,300.7,300.8,301.4,301.4,301.9,301.9,302.1,301.9,301.9,302,301.9,301.9,301.9,301.8,301.7,301.6,301.5,301.2,300.9,300.8,300.6,300.7,300.8,301.1,301.1,301,301,300.5,300.8,301,301.3,300.6,301.7,301.4,301.2,300.5,301.1,301.5,300.7,301.7,303.5,302.2,301.4,301.5,301.6,301.7,301.7,301.7,301.7,301.7,301.7,301.4,301.5,302.2,301.7,304.9,307.1,306.2,301.2,301.5,300.7,306.3,299.2,303.8,301.8,301.3,301.1,301.9,302,302
301.7,301.5,301.5,301.3,300.9,300.7,300.6,300.5,300.6,300.7,301.4,301.6,301.8,301.6,301.9,302.1,301.9,301.5,302,302,302,301.9,301.7,301.5,301.4,301.2,301,301,301,300.9,301,301.4,301.3,301.2,301.2,301.3,301.3,301.5,301.3,300.9,301.1,301.6,301.1,301.7,301.5,301.2,303,302,301.5,301.8,301.7,301.9,302.2,302.2,302.1,301.8,301.8,302,302.2,302.2,302.1,301.9,301.8,301.4,301.4,301.5,301.5,301.9,302,301.7,306.4,299.6,300.3,301.6,301.3,301.7,302.1,301.9
301.6,301.4,301.2,301,300.7,300.6,300.6,300.5,300.6,300.8,301.4,301.5,301.7,301.9,301.8,301.8,302,302.2,302.1,302,301.9,301.7,301.6,301.5,301.5,301.3,301.2,301.2,301.2,301,301.1,301.4,301.5,301.5,301.5,301.3,301.6,301.7,301.3,301.3,301.4,301.7,301.6,301.8,301.7,301.5,301.6,301.5,301.7,301.9,302.1,302.4,302.6,303.2,303.2,302.7,302.1,302.2,302.2,302.3,302.3,302.2,302.1,301.9,301.7,302.1,301.7,301.9,301.8,301.8,301.3,301.1,301.5,301.7,301.5,302,301.9,302
301.3,301.2,301,300.8,300.8,300.8,300.9,300.9,300.6,300.9,301.4,301.6,301.6,301.8,301.6,301.5,301.9,301.6,301.6,301.6,301.5,301.4,301.4,301.5,301.3,301.3,301.3,301.4,301.7,301.3,301.3,301.5,301.6,301.6,301.6,301.6,301.9,301.7,301.4,301.7,301.7,302,302.1,301.9,301.6,301.3,301.4,301.7,302,302.2,302.1,302.6,302.8,303.6,302.5,304.9,307.7,303.2,303.2,302.9,302.6,302.7,302.2,302.2,303.1,304.5,302,302.1,302,301.9,301.9,301.6,301.5,301.5,301.7,301.9,302,301.8
301,301,301,300.9,301.3,301.1,301,300.8,300.9,301.1,301.2,301.5,301.6,301.3,301.5,301.7,301.5,301.4,301.3,301.2,301.3,301.3,301.2,301.4,301.3,301.4,301.6,301.8,301.6,301.5,301.3,301.5,301.6,301.8,301.9,302,302.1,301.8,301.8,301.9,302,302.2,302.3,302.2,301.9,301.7,301.8,302.1,302.4,302.2,302.3,302.8,303.2,305.9,306.5,305.7,305.7,306.6,305.9,302.8,302.8,302.1,302.2,302.2,303.4,303.2,302.1,302,302.1,302.1,302,301.9,301.8,301.8,301.9,302,302,302.1
301.1,301,300.9,301,301.5,301.2,301.2,301.1,300.9,300.8,301.1,301.3,301.2,301.3,301.3,301.2,301.2,301.1,300.9,300.9,301.1,301.3,301.2,301.3,301.3,301.2,301.2,301.4,301.8,301.8,301.8,301.8,301.9,302,301.9,301.9,301.9,301.8,302,302.1,302.2,302.3,302.5,302.5,302.5,302.4,302.7,302.8,301.6,309.7,302.9,302.3,304.8,307.1,305.3,305.9,306.6,306.9,304.3,303.8,302.7,302.1,302.1,302.5,303.5,302.4,302.2,301.8,301.8,301.8,301.9,301.8,301.9,301.9,302,302.1,302.2,302.2
