data/1200-temp.json
{"header": {"discipline":0,"disciplineName":"Meteorological products","gribEdition":2,"gribLength":35117,"center":7,"centerName":"US National Weather Service - NCEP(WMC)","subcenter":0,"refTime":"2014-03-10T12:00:00.000Z","significanceOfRT":1,"significanceOfRTName":"Start of forecast","productStatus":0,"productStatusName":"Operational products","productType":1,"productTypeName":"Forecast products","productDefinitionTemplate":0,"productDefinitionTemplateName":"Analysis/forecast at horizontal level/layer at a point in time","parameterCategory":0,"parameterCategoryName":"Temperature","parameterNumber":0,"parameterNumberName":"Temperature","parameterUnit":"K","genProcessType":2,"genProcessTypeName":"Forecast","forecastTime":15,"surface1Type":103,"surface1TypeName":"Specified height level above ground","surface1Value":2,"surface2Type":255,"surface2TypeName":"Missing","surface2Value":0,"gridDefinitionTemplate":0,"gridDefinitionTemplateName":"Latitude_Longitude","numberPoints":65160,"shape":6,"shapeName":"Earth spherical with radius of 6,371,229.0 m","gridUnits":"degrees","resolution":48,"winds":"true","scanMode":0,"nx":360,"ny":181,"basicAngle":0,"subDivisions":0,"lo1":0,"la1":90,"lo2":359,"la2":-90,"dx":1,"dy":1}, "data":
[rows 140 to 174 of 181, columns 0 to 77 of 360]
276.4,276.4,276.5,276.5,276.6,276.5,276.4,276.3,276.2,276.1,276.1,276,276.1,276.2,276.3,276.4,276.4,276.5,276.5,276.5,276.5,276.5,276.5,276.6,276.7,276.8,276.9,277.1,277.2,277.4,277.5,277.6,277.7,277.9,278.2,278.5,278.5,278.6,278.6,278.5,278.4,278.5,278.7,278.7,278.7,278.8,279,279.2,279.3,279.4,279.5,279.6,279.6,279.4,279.4,279.3,279.3,279.2,279.1,279,278.9,278.8,278.7,278.6,278.5,278.4,278.4,278.3,278.2,278.2,277.9,277.9,277.8,277.7,277.6,277.6,277.7,277.7
275.7,275.8,276,276,276,275.9,275.8,275.7,275.6,275.5,275.4,275.5,275.6,275.6,275.7,275.7,275.7,275.7,275.8,275.8,275.8,275.9,275.8,275.8,275.9,276,276.1,276.3,276.4,276.5,276.6,276.7,276.9,277,277.2,277.6,277.9,277.9,277.9,278,277.9,277.6,277.6,277.8,277.9,277.9,278,278.2,278.3,278.5,278.6,278.7,278.9,278.9,278.8,278.7,278.6,278.5,278.5,278.5,278.5,278.4,278.4,278.2,278.2,278.1,278,278,277.9,277.8,277.7,277.7,277.5,277.4,277.3,277.3,277.3,277.2
275.3,275.4,275.5,275.5,275.5,275.4,275.3,275.1,275,274.9,275,275.1,275.1,275.1,275.2,275.3,275.5,275.6,275.7,275.8,275.7,275.5,275.4,275.4,275.4,275.5,275.6,275.8,276,276.1,276.2,276.2,276.4,276.5,276.6,276.8,277.1,277.4,277.4,277.4,277.3,277.1,277,276.9,277,277.2,277.3,277.3,277.4,277.6,277.7,277.8,277.9,278,278.1,278.1,278.1,278,278,278,278,278,278,277.9,277.8,277.8,277.7,277.6,277.5,277.5,277.4,277.3,277.3,277.1,277.1,277,277,277
275.1,275.1,275.1,275,275,274.9,274.8,274.6,274.5,274.5,274.6,274.6,274.6,274.6,274.8,274.9,275.1,275.2,275.3,275.3,275.2,275,274.9,274.9,275,275.1,275.2,275.3,275.6,275.9,276,276.1,276.1,276,276,276.2,276.5,276.9,277,276.9,276.8,276.6,276.5,276.5,276.4,276.5,276.6,276.8,276.9,276.9,277,277.1,277.1,277.2,277.3,277.4,277.6,277.6,277.6,277.6,277.6,277.6,277.6,277.5,277.4,277.4,277.3,277.2,277.2,277.1,277.1,277,276.9,276.6,276.6,276.8,276.7,276.6
274.6,274.7,274.7,274.7,274.6,274.5,274.4,274.2,274.2,274.1,274.1,274.1,274.2,274.3,274.4,274.5,274.6,274.7,274.8,274.9,274.8,274.7,274.6,274.6,274.8,275,275.1,275.1,275.3,275.4,275.5,275.5,275.6,275.7,275.7,275.8,275.9,276.3,276.5,276.5,276.3,276.2,276,276,275.9,275.9,276,276,276.1,276.3,276.4,276.6,276.6,276.6,276.7,276.8,277,277.1,277.1,277.2,277.2,277.1,277.1,277,277,277,276.9,276.8,276.8,276.7,276.7,276.7,276.7,276.7,276.6,276.5,276.4,276.3
274.4,274.4,274.3,274.3,274.3,274.2,274.1,274,273.9,273.7,273.6,273.7,273.8,274,274.2,274.3,274.4,274.5,274.6,274.6,274.6,274.5,274.4,274.4,274.6,274.9,275.1,275.3,275.4,275.5,275.6,275.6,275.5,275.5,275.5,275.5,275.6,275.7,276,276,275.9,275.8,275.7,275.7,275.6,275.6,275.7,275.8,275.8,275.7,275.8,275.9,276,276.1,276.2,276.3,276.5,276.7,276.7,276.8,276.7,276.7,276.6,276.6,276.5,276.5,276.4,276.4,276.3,276.3,276.4,276.3,276.3,276.2,276.1,276,275.8,275.7
274.1,274.1,274.1,274,274,273.9,273.9,273.8,273.7,273.6,273.5,273.5,273.7,273.9,274.1,274.2,274.3,274.4,274.4,274.4,274.4,274.4,274.4,274.5,274.6,274.8,275,275.2,275.4,275.5,275.5,275.5,275.6,275.6,275.5,275.5,275.5,275.4,275.5,275.5,275.5,275.5,275.5,275.5,275.5,275.4,275.4,275.4,275.4,275.4,275.4,275.5,275.5,275.7,275.8,275.9,276.1,276.2,276.3,276.4,276.4,276.3,276.2,276.1,276,275.9,275.8,275.8,275.9,275.8,275.7,275.7,275.7,275.7,275.7,275.6,275.5,275.3
273.9,273.9,273.9,273.9,273.8,273.8,273.7,273.5,273.3,273.2,273.2,273.3,273.6,273.9,273.9,274.1,274.2,274.2,274.2,274.2,274.2,274.2,274.3,274.3,274.5,274.7,274.8,275,275.2,275.2,275.3,275.3,275.3,275.2,275.2,275.2,275.1,275.1,275,275,275.2,275.2,275.2,275.3,275.2,275.2,275.2,275.2,275.1,275.1,275.1,275.2,275.2,275.3,275.4,275.5,275.6,275.8,275.9,275.9,275.9,275.8,275.6,275.4,275.4,275.4,275.3,275.1,275,275.1,275.3,275.3,275.3,275.3,275.2,275.2,275.1,275.1
273.8,273.8,273.8,273.8,273.7,273.7,273.6,273.4,273.3,273.2,273.2,273.3,273.5,273.6,273.8,274,274,274,274,274,274,274.1,274.1,274.2,274.4,274.6,274.7,274.8,274.8,274.9,274.9,275,275,275,274.9,274.9,274.8,274.8,274.8,274.7,274.7,274.9,274.9,275,275,275,275,274.9,274.9,275,275,275,275,275.1,275.2,275.2,275.3,275.5,275.5,275.3,275,274.9,275,275,274.8,274.5,274.4,274.6,274.8,274.8,274.7,274.8,274.8,274.9,274.9,274.9,274.8,274.8
273.7,273.7,273.7,273.7,273.7,273.6,273.6,273.4,273.3,273.1,273.1,273.2,273.2,273.3,273.8,273.9,273.8,273.8,273.8,273.8,273.9,273.9,274,274.2,274.2,274.4,274.5,274.6,274.6,274.6,274.8,274.7,274.8,274.8,274.7,274.6,274.6,274.6,274.5,274.5,274.6,274.7,274.7,274.7,274.7,274.8,274.8,274.8,274.8,274.9,274.8,274.8,274.8,275,275.1,275,274.8,274.5,274.5,274.5,274.4,274.2,273.9,273.7,273.9,274.1,274.3,274.2,274.2,274,274.1,274.4,274.6,274.7,274.9,274.8,274.7,274.7
273.6,273.6,273.7,273.6,273.6,273.4,273.2,273.1,273,272.8,272.8,272.8,272.8,273.2,273.7,273.7,273.7,273.7,273.7,273.7,273.7,273.8,273.9,274.1,274.2,274.2,274.2,274.3,274.4,274.4,274.5,274.5,274.6,274.6,274.5,274.4,274.4,274.4,274.3,274.3,274.3,274.4,274.5,274.5,274.6,274.6,274.6,274.6,274.7,274.8,274.8,274.7,274.5,274.4,274.3,274.3,274.1,273.9,273.6,273.3,273.1,273.1,273.2,273.5,273.6,273.4,273.2,273.3,273.5,273.6,273.9,274.2,274.5,274.7,274.7,274.6,274.6,274.5
273.6,273.6,273.6,273.5,273.4,273.2,273.1,272.9,272.6,272.4,272.5,272.5,272.4,272.8,273.4,273.6,273.6,273.6,273.6,273.6,273.7,273.8,273.8,273.9,274,274.1,274.1,274.1,274.1,274.2,274.2,274.3,274.3,274.3,274.3,274.3,274.3,274.3,274.2,274.2,274.3,274.3,274.4,274.5,274.5,274.6,274.6,274.4,274.3,274.2,274.2,274.2,274.1,273.8,273.4,273.1,272.9,272.9,272.9,272.8,272.7,272.7,272.7,272.6,272.3,272.2,272.4,272.7,273,273.3,273.6,274.1,274.3,274.5,274.5,274.4,274.3,274.2
273.5,273.5,273.5,273.3,273.2,273,272.6,272.3,272,272,272.1,272.2,272.1,272.3,272.9,273.4,273.6,273.6,273.5,273.5,273.6,273.6,273.7,273.8,273.8,273.9,274,274,274,274,274.1,274.1,274.2,274.2,274.2,274.2,274.2,274.2,274.2,274.3,274.3,274.3,274.3,274.2,274.1,274.1,274.1,274,273.9,273.6,273.1,272.7,272.5,272.4,272.4,272.4,272.3,272.2,272.2,272.2,272.1,271.8,271.2,270.8,270.7,271,271.5,272,272.4,272.6,272.9,273.5,273.9,274,274,274.1,273.9,273.8
273.4,273.4,273.2,273,272.8,272.5,272.2,271.9,271.5,271.4,271.8,271.9,271.9,271.9,272.2,272.8,273.3,273.5,273.4,273.2,273.2,273.2,273.3,273.4,273.7,273.8,273.8,273.9,273.9,274,274,274.1,274.1,274.1,274.1,274.1,274.1,274.1,274,274,273.9,273.8,273.8,273.8,273.8,273.6,273,272.5,272.1,272,271.7,271.5,271.3,271.3,271.3,271.3,271.2,271.2,271.1,270.9,270.5,269.9,269.5,269.3,269.4,269.6,270.1,270.6,271.1,271.4,271.7,272.2,272.8,273.2,273.3,273.2,273.1,272.9
273.4,273.3,273,272.7,272.5,272.3,272,271.4,271,270.8,271.2,271.6,271.5,271.4,271.5,271.8,272.5,273.1,273.3,273.2,273.1,273.1,273,273,273.1,273.5,273.8,273.9,273.9,273.9,273.9,273.9,273.9,273.9,273.8,273.8,273.8,273.7,273.7,273.8,273.7,273.6,273.3,272.7,272.3,272.1,271.8,271.5,271.2,270.8,270.5,270.4,270.5,270.5,270.4,270.2,269.9,269.8,269.6,269.2,268.9,268.6,268.3,268.1,268,267.9,267.8,268.1,268.6,269.4,270,270.3,270.5,271.2,272,272.3,272.2,272.2
273.2,272.9,272.5,272.4,272.3,271.9,271.4,270.9,270.4,270.1,270.6,271.1,271.1,270.9,270.9,270.9,271.3,272.1,272.8,273.1,272.9,272.8,272.8,272.8,272.7,272.8,273.1,273.4,273.7,273.7,273.7,273.6,273.5,273.5,273.5,273.5,273.5,273.6,273.5,273.4,272.9,272.5,272.3,272.2,272,271.5,271,270.4,270,269.4,268.8,267.6,265.3,265.6,267,268.2,268,267.9,267.9,267.9,267.9,267.8,267.4,267.1,266.8,266.6,266.3,265.9,265.6,265.9,266.7,267.7,268.1,268.4,268.9,269.7,270.5,270.8
272.5,272.3,272.2,272,271.6,271.1,270.6,270,269.5,269.4,269.9,270.3,270.2,269.9,269.9,270,270.2,270.8,271.7,272.3,272.4,272.2,272.1,272.2,272.4,272.4,272.5,272.7,273.1,273.3,273.2,273.2,273.1,273.1,273,273,273,273,272.8,272.4,272.1,272.1,272,271.6,271,270.5,270,269.1,267.8,266,263.7,260.4,258.1,257,257.2,258.1,261,261,260.8,262,263,263.8,264.5,264.8,265,264.8,264.3,263.8,263,261.9,260.9,262,264,265.7,266.1,266,266.6,267.3
272,271.7,271.1,270.4,269.5,268.7,268.1,267.7,267.6,267.8,268,267.8,267.5,267.7,268.2,268.5,268.5,269.3,270.5,271.2,271.3,271.2,271.4,271.6,271.8,271.9,272,272.2,272.5,272.7,272.7,272.6,272.6,272.5,272.4,272.3,272.3,272.3,272.2,272.1,271.8,271.2,270.2,268.5,266.2,264.7,262.9,261.3,261.4,259.6,258.8,256.5,252.1,248.1,240,246.5,252.9,254.2,257.4,257.2,256.4,255.4,255.3,254.3,254.4,258.6,260,259.5,258.9,258,256.1,254.6,255.1,257.3,260,261.5,261.9,263.1
268.1,267.3,265.8,264.5,263,261.8,260.8,260.3,260.4,260.9,260.1,259.1,260.5,263.5,265.5,266.3,266.9,268.1,269.4,270,270.1,270.3,270.7,271,271,270.8,270.7,271,271.5,271.9,271.9,271.9,271.9,272,272.1,272,271.8,271.5,271.2,270.3,269,267.7,267.6,264.9,260.9,257.3,254.9,250.7,252.2,252.6,251.3,246.2,245.2,244.8,243.3,244.3,246.7,247,245.7,246.3,246.8,247.7,249.1,250,251.8,254,255,256,256.8,256.5,255.9,254,252.8,253.7,255.9,258.4,261,262.6
254.4,257.9,257.4,256.6,256.7,256,256.4,257,257.4,257,256.7,256.3,256.9,258.2,259.5,260.8,262.9,264.4,265.7,266.7,267.3,267.9,268.2,268.4,268.7,269.2,269.4,269.3,268.9,268.6,268.1,267.6,266.6,263.2,262.8,265.1,265.4,265.9,266.3,267.2,264.6,259.3,255.8,253.2,250.1,247.9,246.4,244.6,243.3,243.1,243.7,243,241.3,239,237.9,238.3,238.6,238.7,238.1,238.8,239.9,241.1,241.9,243,245,246.9,248.2,249.4,251.7,254.3,253.5,251.5,251.3,253,256.3,258.1,260.1,262.4
252.3,253.7,254.1,254.9,254.8,256.2,255.3,251.4,252.2,254.2,254.8,255.5,257.5,258.3,259,260.1,261,261.2,260.5,259.5,258.9,258.8,260.4,261,261.5,261.7,262.2,261.4,262.6,263.4,264.1,264.8,265.6,264.5,260.5,258.5,257.2,256,257.9,259.9,259.1,256.7,252.5,248.6,244.9,241.9,240,238.1,237.1,237.1,237.1,236.8,236.3,236.1,235.9,235.6,235.4,235.2,235,234.8,235,235.4,236.8,238.9,241.6,244.8,247.8,250.9,253,252.4,251,250.4,253,253,256.2,255.7,254.1,252
248,248.4,247.6,248.9,255,256.2,255.3,254.3,253.2,252.8,252.9,252.5,253.4,254.2,254.1,254.6,255.4,255.9,255.9,256.4,257.2,257.5,258.1,258.7,258.6,258.8,258.9,258.1,257.2,256,254.1,252.5,251.4,250.3,249.1,247.8,246.2,244.7,243.9,243.7,243.3,242,240.7,239.5,238.2,237,236,235.1,234.5,234.6,234.7,234.4,233.6,233,232.3,231.7,231.2,231.5,231.9,232.3,232.6,233.2,234.2,236.1,238.6,241,243.5,247.3,251.7,251.6,249.7,250.6,246.9,254,251.9,249.3,248,247.1
254.4,252.7,251.7,250,248.3,246.7,245,244.4,244.4,243.1,242.3,242,240.7,241.3,242.5,242.4,242.3,242.6,243.6,244.4,245.2,246.8,249,249.6,250.5,251,250.1,249.3,247.2,245.7,245.1,244.5,244,243.3,242.6,241.7,239.2,237,235.9,235.4,235.1,234.6,234,233.4,232.9,232.3,232.1,231.8,231.6,231.4,231.1,230.5,229.7,229.1,228.7,228.6,228.8,229.3,230.3,231.8,233.5,235,236.4,237.8,239.4,241.7,245.1,249.5,251.3,250,243.2,247,251.5,250.9,249.9,249,247.7,245.6
243,241,239.5,237.9,236.1,234.8,233.7,233.2,232.9,232.7,232.3,232,231.6,231.2,230.9,231.1,231.4,231.8,232.5,233.1,233.2,233,232.6,232.5,232.7,231.5,230.9,233.2,235.7,237.5,238.5,238.4,237.5,236.6,235.9,235.3,234.4,233.4,232.5,232,231.6,231,230.4,229.7,229.1,228.9,228.6,228.4,228.2,227.9,227.4,227.1,227.1,227.1,227.1,227.5,227.8,228.6,229.7,231.1,232.9,235.1,237.5,239.7,242,244.1,247.2,248.7,244.1,244.4,247.2,249,248.2,248.1,247.3,245.7,243.7,242.1
236.6,236.4,235.9,235,233.9,233,232.1,231.4,230.8,230.2,229.7,229.3,228.9,228.6,228.3,228.1,227.9,227.7,227.4,227.3,227.3,227.3,227.2,226.9,226.7,226.5,226.4,227,227.9,229.3,230.9,232.4,233.2,233.4,233.3,233,232.5,231.8,231,230.1,229.2,228.3,227.6,227,226.4,225.9,225.5,225.2,225,224.9,224.9,225.1,225.4,225.8,226.4,227,227.7,228.5,229.5,230.7,232.5,234.3,236.4,238.1,240.1,243.2,245.6,246.4,246.7,246.6,246,245.2,244.7,244.5,244.5,244.1,242.8,241.3
232.2,232.6,232.7,232.3,231.8,231.3,230.6,229.8,229.2,228.8,228.4,228.1,227.8,227.4,227,226.8,226.5,226.3,226,225.6,225.3,225.1,224.9,224.7,224.6,224.5,224.5,224.4,224.4,224.6,224.9,225.3,226,226.7,227.3,227.7,227.6,227.3,226.5,225.4,224.4,223.7,223.2,222.9,222.6,222.5,222.4,222.4,222.3,222.4,222.5,222.9,223.5,224.4,225.6,226.6,227.8,228.9,229.9,231.4,233.2,234.9,236.6,238.1,239.6,241,241.9,242.2,242.4,242.8,243,243.1,243.2,243.1,242.8,242,240.5,239
231.9,227.9,225.9,225.4,225.3,225.3,225.6,226,226.5,226.7,226.8,226.8,226.7,226.4,226,225.6,225.4,225.1,224.7,224.1,223.5,223.1,222.8,222.7,222.8,222.9,223,223.2,223.3,223.3,223.3,223.3,223.1,222.9,222.8,222.7,222.5,222.3,222.1,222,221.9,221.7,221.5,221.3,221.1,220.9,220.9,220.9,221,221.3,221.7,222.4,223.1,223.9,224.9,225.7,226.4,227.1,228,229.1,230.2,231.7,233.3,234.9,236.2,237.3,238.2,239,239.6,240.1,240.2,240.1,239.9,239.5,239.1,238.6,238,237.4
237.4,236.5,235.7,235.3,234.8,234.1,233.4,232.9,232.5,232,231.4,230.8,230.4,230,229.3,228.6,227.9,227.4,226.8,226.2,225.5,224.8,224.2,223.7,223.1,222.3,221.5,220.9,221.2,221.4,221.8,222.2,222.5,222.7,222.8,222.9,222.9,222.9,222.6,222.2,221.7,221.3,221,220.7,220.6,220.5,220.6,220.8,221.1,221.7,222.4,223.2,224,224.7,225.4,225.8,225.9,226,226.6,227.6,229,230.5,231.8,232.9,233.6,234.1,234.5,234.8,235.1,235.3,235.6,235.8,236,236.1,236.1,236.2,236.2,236.2
238.8,238.1,237.3,236.5,235.9,235.3,234.7,234.1,233.5,232.9,232.3,231.6,231,230.4,229.8,229.3,228.7,228.3,227.8,227.1,226.4,225.8,225.3,224.7,224.2,223.9,223.7,223.7,223.5,223,222.5,222.1,221.5,220.9,220.6,220.5,220.6,220.8,220.9,220.9,220.9,220.9,220.9,220.8,220.8,220.9,221.2,221.5,222.1,222.9,223.7,224.4,225,225.4,225.6,225.6,225.5,225.7,226.2,227,227.8,228.7,229.3,229.8,230.3,230.7,231.1,231.3,231.5,231.6,231.7,231.6,231.8,232,232.1,232.1,231.9,231.8
238.5,237.7,236.9,235.9,235,234.1,233.4,232.9,232.3,231.7,231,230.5,230.1,229.6,229.2,228.7,228.3,227.8,227.3,226.9,226.6,226.3,225.9,225.4,225.1,224.8,224.5,224.3,224,223.7,223.3,222.7,222.2,221.5,220.7,220.1,219.5,219.1,218.9,218.8,218.7,218.2,217.2,216.4,216.3,216.7,218.2,220,221.8,223,223.9,224.6,225,225.2,225.2,225.1,225,224.8,224.8,225,225.3,225.8,226.3,226.9,227.4,227.9,228.3,228.7,229.1,229.5,229.8,230,230.1,230,229.9,229.6,229.3,229.1
236.4,235.4,234.5,233.7,233.1,232.5,231.9,231.3,230.7,230.2,229.8,229.5,229,228.5,228,227.6,227.4,227.3,227.3,227.1,226.8,226.5,226.1,225.8,225.5,225.2,224.9,224.5,224,223.5,223.1,222.7,222.3,221.8,221.3,220.6,220,219.3,218.6,218.1,217.4,216.5,215.4,214.6,213.7,213.2,213.1,213.8,215.5,217.6,220,222.1,223.1,223.7,223.9,223.9,223.7,223.6,223.4,223.2,223.2,223.4,223.7,223.9,224.1,224.3,224.6,224.9,225.2,225.6,225.9,226.3,226.8,227.3,227.7,227.9,228,227.9
233.7,233.2,232.6,232.2,231.7,231.2,230.7,230.3,229.9,229.4,229.1,228.7,228.5,228.3,228.1,227.9,228,228.2,228.2,228.1,227.9,227.5,227.2,226.9,226.7,226.5,226.3,226.1,225.8,225.5,225.2,224.9,224.6,224.3,223.9,223.7,223.4,223,222,220.9,219.9,218.7,217.8,217,216.7,216.7,216.8,217,217.2,217.3,217.4,217.5,217.7,218.2,218.7,219.4,219.9,220.4,220.7,221,221.2,221.4,221.6,221.7,221.7,221.7,221.6,221.6,221.4,221.3,221.1,221,220.8,220.5,220,219.6,219.3,219.2
228,227.5,226.8,226,224.9,223.8,222.8,221.9,221.2,220.7,220.4,220.4,220.5,220.9,221.6,222.3,222.9,223.8,224.8,225.7,226.4,226.8,227.1,227.1,227.1,227,226.9,226.9,226.7,226.6,226.5,226.6,226.8,226.8,226.8,226.7,226.5,226.2,225.5,224.6,223.6,222.9,222.4,222,221.6,221.4,221.1,221,220.9,220.8,220.8,220.8,220.7,220.5,220.3,220,219.7,219.5,219.3,219.2,219.2,219.1,218.9,218.7,218.5,218.1,217.7,217.2,216.7,216.3,216,216,216.1,216.5,217,217.7,218.4,219
229.3,228.5,227.6,226.4,224.8,223.3,221.8,220.6,219.8,219,218.4,218.2,218.1,218.1,218.3,218.6,219.1,219.8,220.7,221.5,222.3,223,223.6,224.1,224.6,225,225.4,225.8,226.1,226.2,226.1,225.9,225.8,225.7,225.6,225.5,225.4,225.1,224.7,224.2,223.7,223,222.4,221.8,221.3,220.9,220.6,220.4,220.3,220.3,220.4,220.5,220.6,220.7,220.8,220.8,220.9,220.9,221,221,221.1,221.1,221,220.9,220.7,220.5,220.3,220.1,220,219.9,219.8,219.6,219.5,219.3,219.1,218.9,218.7,218.5
226.3,226.1,225.9,225.6,225.3,224.9,224.3,223.8,223.1,222.5,222.1,221.6,221.1,220.8,220.5,220.3,220.2,220.3,220.4,220.6,220.9,221.3,221.9,222.5,223.1,223.7,224.3,224.7,225,225.1,225.1,225,224.8,224.7,224.6,224.5,224.3,224.1,223.8,223.4,223,222.6,222.1,221.7,221.4,221,220.7,220.5,220.3,220.2,220.1,220.1,220,220.1,220.1,220.1,220.2,220.2,220.3,220.3,220.4,220.4,220.5,220.6,220.6,220.6,220.6,220.7,220.6,220.5,220.3,220.1,219.9,219.3,218.8,218.3,217.8,217.4
