data/1200-temp.json
{"header": {"discipline":0,"disciplineName":"Meteorological products","gribEdition":2,"gribLength":35117,"center":7,"centerName":"US National Weather Service - NCEP(WMC)","subcenter":0,"refTime":"2014-03-10T12:00:00.000Z","significanceOfRT":1,"significanceOfRTName":"Start of forecast","productStatus":0,"productStatusName":"Operational products","productType":1,"productTypeName":"Forecast products","productDefinitionTemplate":0,"productDefinitionTemplateName":"Analysis/forecast at horizontal level/layer at a point in time","parameterCategory":0,"parameterCategoryName":"Temperature","parameterNumber":0,"parameterNumberName":"Temperature","parameterUnit":"K","genProcessType":2,"genProcessTypeName":"Forecast","forecastTime":15,"surface1Type":103,"surface1TypeName":"Specified height level above ground","surface1Value":2,"surface2Type":255,"surface2TypeName":"Missing","surface2Value":0,"gridDefinitionTemplate":0,"gridDefinitionTemplateName":"Latitude_Longitude","numberPoints":65160,"shape":6,"shapeName":"Earth spherical with radius of 6,371,229.0 m","gridUnits":"degrees","resolution":48,"winds":"true","scanMode":0,"nx":360,"ny":181,"basicAngle":0,"subDivisions":0,"lo1":0,"la1":90,"lo2":359,"la2":-90,"dx":1,"dy":1}, "data":
[rows 0 to 34 of 181, columns 234 to 311 of 360]
244.8,244.8,244.8,244.8,244.8,244.8,244.8,244.8,244.8,244.8,244.8,244.8,244.8,244.8,244.8,244.8,244.8,244.8,244.8,244.8,244.8,244.8,244.8,244.8,244.8,244.8,244.8,244.8,244.8,244.8,244.8,244.8,244.8,244.8,244.8,244.8,244.8,244.8,244.8,244.8,244.8,244.8,244.8,244.8,244.8,244.8,244.8,244.8,244.8,244.8,244.8,244.8,244.8,244.8,244.8,244.8,244.8,244.8,244.8,244.8,244.8,244.8,244.8,244.8,244.8,244.8,244.8,244.8,244.8,244.8,244.8,244.8,244.8,244.8,244.8,244.8,244.8,244.8
244.2,244.2,244.3,244.3,244.3,244.3,244.3,244.4,244.4,244.4,244.5,244.5,244.5,244.5,244.6,244.6,244.7,244.8,244.8,244.9,244.9,245,245,245.1,245.2,245.2,245.3,245.3,245.4,245.5,245.5,245.5,245.6,245.6,245.7,245.7,245.7,245.8,245.8,245.8,245.9,245.9,245.9,245.9,246,246,246,246,246.1,246.1,246.1,246.1,246.2,246.2,246.2,246.2,246.3,246.3,246.3,246.3,246.4,246.4,246.4,246.4,246.4,246.5,246.5,246.5,246.5,246.5,246.6,246.6,246.6,246.6,246.6,246.6,246.7,246.7
243.7,243.8,243.9,244,244.1,244.2,244.3,244.3,244.4,244.4,244.5,244.5,244.6,244.7,244.7,244.8,244.9,244.9,245,245.1,245.1,245.1,245,245,245,245,245,244.9,244.8,244.8,244.7,244.7,244.7,244.7,244.7,244.7,244.7,244.6,244.5,244.5,244.4,244.4,244.4,244.4,244.4,244.4,244.4,244.4,244.5,244.5,244.4,244.4,244.3,244.3,244.4,244.4,244.5,244.6,244.6,244.5,244.4,244.2,244.1,244.1,244,244,243.9,243.9,243.9,243.9,244,243.9,243.9,243.9,243.9,243.9,244,244
243.7,243.8,243.9,244.1,244.3,244.4,244.6,244.8,244.9,245.1,245.2,245.2,245.3,245.2,245.1,244.9,244.6,244.2,243.8,243.3,242.7,242.2,241.5,240.9,240.2,239.8,239.3,238.9,238.7,238.5,238.3,238.2,238.2,238.2,238.3,238.3,238.4,238.4,238.5,238.6,238.6,238.7,238.8,238.8,238.9,238.9,239,239.1,239.1,239.1,239.1,239,239.1,239.1,239.2,239.2,239.2,239.2,239.2,239.3,239.3,239.3,239.3,239.4,239.4,239.4,239.4,239.5,239.6,239.8,239.8,239.9,239.9,240,240.1,240.2,240.3,240.3
243.9,244,244.2,244.3,244.5,244.7,244.9,245.1,245.3,245.4,245.5,245.5,245.5,245.5,245.5,245.3,245.2,244.9,244.5,244,243.4,242.8,242,241.2,240.6,239.9,239.4,239,238.6,238.4,238.2,238.2,238.1,238,237.9,238,238.5,238.9,239.2,239.3,239.6,239.9,240.2,240.5,240.9,241.1,241.4,241.6,241.9,242.2,242.4,242.6,242.9,243.2,243.4,243.7,243.9,244.1,244.3,244.5,244.6,244.8,244.9,245,245.1,245.2,245.2,245.2,245.3,245.4,245.5,245.6,245.8,245.9,246,246,246,246
244.3,244.5,244.6,244.8,245,245.1,245.2,245.3,245.4,245.5,245.6,245.8,246,246.1,246.2,246.3,246.3,246.3,246.2,246.2,246,245.8,245.5,245.2,244.9,244.6,244.4,244.2,244,244,244,244.1,244.2,244.3,244.5,244.6,244.7,244.8,244.9,245,245.1,245.2,245.2,245.3,245.3,245.3,245.3,245.4,245.3,245.3,245.4,245.5,245.5,245.6,245.6,245.7,245.8,245.8,245.8,245.8,245.9,245.9,245.9,245.9,246,246.1,246.2,246.3,246.4,246.5,246.6,246.7,246.8,247,247,247.1,247.2,247.3
244.6,244.7,244.8,244.9,245.1,245.2,245.4,245.5,245.7,245.9,246.1,246.2,246.4,246.5,246.7,246.8,246.9,246.9,246.9,246.9,246.8,246.8,246.7,246.7,246.6,246.5,246.4,246.2,246.2,246.1,245.9,245.8,245.8,245.8,245.9,245.9,246,246.1,246.1,246.2,246.3,246.3,246.3,246.3,246.2,246.2,246.2,246.2,246.2,246.2,246.1,246.1,246,246,245.9,245.9,245.8,245.8,245.7,245.6,245.5,245.5,245.5,245.5,245.6,245.7,245.8,245.9,246,246,246,246.1,246.1,246.2,246.2,246.3,246.5,246.6
244.7,244.9,245,245.1,245.3,245.4,245.5,245.7,246,246.4,246.9,247.2,247.7,248.1,248.4,248.6,248.7,248.7,248.7,248.6,248.5,248.4,248.2,248,247.8,247.7,247.5,247.3,247.2,247.1,247,246.9,246.8,246.8,246.8,246.6,246.5,246.3,246.1,246,246.1,246.3,246.8,247.4,248.1,248.8,249.3,249,248,246.7,246,246,246.3,246.8,247.3,247.2,246.2,245.4,244.5,243.8,244,247.1,249.5,247.6,247.2,247,246.7,246.7,246.8,247,247.3,247.7,248.1,248.4,248.7,249.1,249.4,249.9
245.3,245.4,245.5,245.6,245.7,245.8,245.9,246.2,246.6,247.1,247.5,247.9,248.2,248.4,248.6,248.7,248.8,248.8,248.8,248.8,248.8,248.7,248.7,248.5,248.6,248.6,248.5,248.5,248.5,248.3,248.1,247.8,247.5,247.2,247.1,247.3,247.7,248.4,248.8,247,242.6,240.9,241.1,241.9,242.7,243.2,243.4,243.6,243.9,244.4,245.3,248.8,251.4,252.8,253.1,253.1,252.9,252.9,252.8,252.2,251.4,250.7,250.2,250.1,250.1,249.5,248.8,247.9,247,246.3,244.9,243.2,241.8,242.4,243.9,245.5,246.5,246.7
245.6,245.6,245.6,245.6,245.7,245.8,246,246.2,246.6,246.8,247,247.2,247.5,247.7,247.8,247.9,248,248.1,248.2,248.4,248.5,248.7,248.7,248.6,248.4,248.2,247.8,247.6,247.7,248.3,249.1,249.4,245.5,243,245.4,249.1,247.9,247.4,247,246.2,244.9,244,245.2,249.5,253.5,254.9,255,254.5,253,251.1,249.1,246.5,241.7,238.4,238.3,241.9,246.8,250,251.2,252,252.3,252,251.7,252,253.9,252.3,251.8,251.2,250.5,249.9,248.4,244.8,241.7,240,239.1,239.2,240.7,244
245.4,245.4,245.4,245.4,245.6,245.8,246,246.2,246.5,246.7,246.8,247,247.2,247.4,247.6,247.8,247.9,247.9,247.9,248,248.1,248,247.7,247.1,246.4,245.7,245.5,245.6,247,249.2,249.3,244.2,242.8,245.1,243.4,242,245.6,249.6,249.6,252.3,245.4,243.2,243.9,252.3,245.3,240.7,241.7,243,243.5,245.9,249,251.1,251.7,251.8,253.1,255.5,256,254.9,253.7,252.3,251.7,251.3,250.1,247.7,244.4,245.6,251.2,252,250.7,248.9,247.3,246.3,245.8,245.1,244.2,243.2,243.1,243.7
245.5,245.5,245.5,245.6,245.8,246.1,246.5,246.9,247,246.8,246.6,246.4,246.3,246.4,246.2,246,245.4,244.8,244.7,245.3,246.2,247.9,246.6,245.8,245.6,244.8,245,245.3,245.4,245.8,246.2,246.4,242.1,238.2,238.6,240.1,246.8,252.2,253.5,254.6,255.7,253.5,249.2,244.6,241.7,242,241.6,239,238.1,238.7,251.7,255.4,250.2,246.8,248.7,247.7,247.5,247.3,245.6,241,237.1,238.6,242.5,245.4,245.9,247.4,250.2,251.4,250.7,249,247.3,246.3,245.4,244.5,243.6,242.8,242.3,241.8
246.7,246.5,246.5,246.6,247,247,246.8,246.4,246,246,246.3,245.9,246.9,246.9,245.6,244.9,245.1,245.3,245,245.3,246.2,247.5,248.5,248.1,246.1,245.6,243.3,244.2,245.5,244.4,244.4,244.9,245.9,247,248,245.9,248.3,250.1,249.9,246.9,244.2,241.2,238.6,237.7,237.5,240.7,245.5,251,254.1,254.8,255.4,256.4,256.5,255.6,252.5,251.1,250.7,250.5,250,249.2,248.6,248.2,248,248.8,250.1,251,250.5,248.8,246.6,244.5,242.9,241.9,241.2,240.7,240.1,239.8,239.9,240
247.6,247.4,247.6,247.8,248,248,246.8,245.4,245,245.3,246.3,248.3,248.6,248.1,247.6,246.8,246.3,246.2,244.9,244.4,244.2,244.8,244.5,244.3,245,245.1,243.9,244.8,245.1,245.5,242.6,242.9,245.8,245.8,245.3,245.3,245.2,243,241.1,240.5,236.4,235.5,239.9,243.4,243.9,244.6,247.1,251.4,254.4,255.5,256.9,258.7,260.2,261.4,261.5,248.1,250.4,247.2,240.9,241.8,248.7,250.3,249.7,249.3,249.9,251.1,252.1,252.1,251.3,249.7,248,246.2,244.8,243.9,243.4,243.2,242.7,242
246.1,246.2,246.3,246.7,247.1,248.3,248.2,249.5,249.2,249.8,243.8,242.3,243.4,245.6,247.8,249.6,250.4,248.8,248.8,248,245.5,245.7,246.9,248.5,251.2,248.1,245.2,243.8,246.2,250,250.9,250.3,247.2,244.1,241.5,241.7,245.4,247.9,246.7,245.3,244.7,245.6,247.2,248.8,251.2,253.9,254.8,255.6,255.9,256.2,257,258.5,259.9,261.1,261.4,257.7,256,255.2,252.6,254.1,259.8,257.2,256.4,255.7,255.3,251.7,251.3,254.1,253.5,252.3,251.9,250.9,249.2,247.4,245.7,244.6,244.3,243.8
243.3,243.6,244,244.6,245.2,245.9,246.6,247.3,248.1,248.7,248.6,248.2,247.6,243.4,245.5,246.6,246.9,247.8,247.7,246.5,247.3,248.1,248,248.9,249.7,250.3,249.1,248.8,251.7,250.4,247.1,245.9,245.4,245.1,242.6,242.1,241.8,241.7,241,241,242.6,242.3,241.1,242.3,239.9,240.9,245.2,250.8,253.8,255.7,256.9,257.7,257.8,257.2,256.3,255.7,255.2,255.1,254.8,254.4,253.1,251.1,248.8,247.7,247.1,246.4,245.2,246.3,245.4,251.5,253.4,252.1,250.9,248.8,246.7,246,245.8,245
243.9,244.4,244.3,242.9,242.3,242.6,242.3,242,243.2,244.5,246.8,247.7,248,248.1,248.3,248.5,248.7,249,249.3,249.5,248.8,247.9,247.5,247.2,246.9,246.6,246.1,245.4,245.5,245.8,244.4,243.1,240.8,241.6,242.6,244.8,247.6,249.2,249.6,249.7,249.6,249.7,249.6,248.8,248.6,249,248.9,249.3,249.2,248.7,249.1,250,250.7,251.1,251.4,251.3,251.2,251.5,252.5,253.5,253.9,252.6,249.9,248.4,248.6,249,248.1,248.1,251.5,250.3,246.8,253.1,250.9,248.1,244.9,243,243,243.2
247.1,248.1,246.7,245.8,245,244,243.7,244.3,245.3,245.6,245.3,246.4,248.7,248.8,248.9,249.1,248.5,248.9,248.5,248.8,250.2,249.9,249.5,248.7,247.8,247.8,246.2,244.7,246.1,248.3,247.6,243.5,242,241.4,240.8,242.6,242.5,239.9,241.3,242.5,245.1,241.7,238.2,242.3,243.7,247.3,248.8,242.7,238.4,239.5,247.5,249.5,248.9,249,248.9,248.4,248.2,248.4,249.1,250.2,251,251,249.3,247.7,247.7,248.4,249.5,251.1,252.6,254,251.1,245.2,249.5,249.1,248.7,247.2,246.1,245.2
243.7,243.7,240.7,241.7,243.2,243.2,246.4,246.8,244.8,244.3,243.7,242.8,242.1,241.6,240.9,240.8,242.8,246.1,250.3,249,247.7,248.8,250.8,250.9,250.3,249.9,247.9,245.5,243.9,244.1,246.2,244.2,244.2,244,243.1,242.8,241.8,239.2,239.4,240.7,245,246.6,244.3,239.1,237.7,238.3,233.8,234.3,235.5,237.8,236.4,238.8,244.1,248.3,248.3,247.7,247.6,248,248.9,249.7,249.8,249.6,248.8,248.2,248.1,248.8,249.2,249.5,251.1,253.9,256.2,251.2,246.2,244.1,247.3,246,245.6,245.3
240.6,240.7,242.3,244.6,246,245.2,244.9,244.2,237.5,239.2,241.3,242.6,242.9,242.6,242.3,242.6,243.5,244.4,244.6,244.8,244.7,245.3,248.3,249.8,249.8,250.1,249.6,248,246,244.4,240,239,240.3,241.9,242.5,242.5,243.5,243.4,241.8,238.7,238.3,239.5,241.1,242.8,243.6,243.8,244.5,237.3,236.7,237.6,235.9,236.8,238.3,241.4,243.3,244.6,252.1,250.6,250,249.5,249.3,248.9,247.9,247.4,247.4,247.6,247.4,247.7,250.9,253.9,256.6,255.5,253.5,251.5,251.3,251.8,249.2,240.2
242.3,241.6,240.2,242.5,243.9,244.5,244,243.9,243.8,242,241.3,241,241.7,243.4,244.3,244.2,243.9,243.7,243.3,242.6,242.5,242.5,242.7,243.6,245.4,246.2,245.5,245.2,246.6,245.4,242,239.3,238.3,238.1,242.1,243.1,243,241.9,242.2,244.3,246.5,247.8,245.1,243.7,242.8,244.4,244.4,247,249.8,244.8,242.7,241.4,244.1,241.6,236.9,241.5,243.6,242.2,247.2,250.2,248.4,246.5,245.1,244.7,245.4,246.1,245.9,245.4,246.4,250.9,253.9,252.5,248.4,255.2,256.7,254.9,250.8,248
240.6,240.4,241.3,240.5,231.8,231.8,232.1,232.5,239,243,244.7,246.2,246.7,243.3,242,241.5,241.5,241.7,242.7,246.2,249.3,248.8,246.7,245.8,248.3,249,248.3,246.3,243.4,242.3,244.6,247.6,246,242.5,239.6,241.8,247.9,245.3,242.7,240.7,240.4,240.4,240.1,242.8,247.5,251.2,251.2,250.3,250.5,251.7,250.1,246.3,241.9,242.6,239,235.4,235.2,239,241.6,248.2,246,245.5,244.7,243.9,244.1,245.1,245.9,246.6,246.9,249.8,252,255.4,257.7,257.2,251.5,248.7,248.4,246.5
243.7,243,241.9,234.1,230.3,229.6,232.7,238.2,239.3,235.8,239.6,245.1,249.7,251.2,251,250.4,251.1,254,254.7,251.2,247.9,247,247.9,249,250.8,250.4,249.4,250.6,250.8,250.6,251.3,249.4,245.1,242,240,239.8,241.6,243,245.6,244.8,242.1,239.8,239.7,241.3,246,249.3,250.9,252.1,252,251.4,252,254.3,251.8,247,237.3,235.8,234.7,234,233.5,233.2,242.2,243.6,247.6,247.5,247.4,247.3,248.1,249.8,251.7,252.3,254.1,258.5,259.7,248.3,245,246.9,247.6,245.5
246.7,246.1,245.9,245,237,235.4,241,231.3,229.7,231.6,232.3,232.6,240.1,240.1,239.5,240.4,239.5,241.1,247.4,248.1,245.5,244.2,244,244.1,244.3,243.8,242.9,241.8,240,239.3,241.3,243.2,243.8,243.1,240.3,238.5,237.6,237.6,239.7,242.7,242.2,241.6,241.5,242.9,245.4,247.6,249.3,250.9,251.7,251.3,251.2,250.7,245.2,241.8,239.4,240.4,239,234.4,233.2,233.1,234.4,232.1,235.1,248.4,249.8,250,249.9,251,245.2,251.3,253,257.2,259.6,248.8,244.3,240.5,246.7,247.5
247.8,248.7,249.6,249.2,248.6,250.2,250,247,243.7,238.2,237.9,241.9,234.7,239.7,238.9,237.8,239.6,240.7,239.9,239.1,239.8,239.9,240.2,241.1,241.7,242.2,242.1,240.3,239.2,238.5,236.9,236.4,238.5,240.5,240.3,238.8,239.3,239.4,239.1,241.4,244.4,245.2,249,249.7,246.8,246.6,247.5,248.7,249.9,250.6,250.7,250.2,248.8,246.4,246,244.3,243.8,240.6,246.3,251,250.7,243.9,241.4,246.9,248.5,248.9,249.5,251.5,251.8,252.8,254.2,257.4,261.6,250.3,239.7,236.1,246,246.7
248.7,248.2,249,249.9,248.2,248.5,248.1,244.7,242.4,241.3,238.5,236.3,239.6,239.6,237,238.6,239.8,239.7,240.4,239.7,238.9,238.9,238.9,239,239.2,239,238.5,239,238.2,237.1,237.9,239.2,239.1,240.3,240.5,240,239.6,240.1,241.1,242.8,241.9,241.7,243.1,246.8,247.9,246.9,245.9,245.6,245.5,245.2,246.2,246.8,245.7,243.9,245.1,248.4,240.3,235.5,235.6,242.1,250,251.4,250.7,248.5,249.2,248.7,250.1,252,253.3,254.4,256.9,261,263.6,263.3,255.5,250.5,250,248.2
251.8,249.5,248.3,248.9,247.9,247.4,245.4,242.4,238.4,236.4,235.8,237,238.9,238.6,237.9,235.1,233.1,235.2,235.8,238.1,235.3,236.6,237.1,237.2,236.1,236.8,236.7,238.6,239.7,239.6,243.3,245.2,243.3,241.6,240.6,240.2,242,243.5,244.8,243.6,241,240.2,242.6,244.5,241.5,244.3,245.4,244.2,244.9,247.3,249.8,250.9,250.4,248.4,246.2,240.1,239.7,244,243.4,244.1,244.5,252.5,254.6,251.8,250.2,251,252.9,254.1,254.8,257.8,262.5,264.8,265.5,265.6,264.4,256.6,255,252.7
257.3,254.8,250.8,246.6,239.9,246.5,247.6,248.2,247.7,242.6,244,246.1,245.7,245.6,244.2,240.2,239.8,233.6,234.7,228.6,231.2,234.4,232.9,237.8,240.6,238.5,238.9,241,241.1,240,240.4,242.6,243.1,241.4,240.5,243.1,246.4,245.1,244.2,243.3,242.3,241.6,242.1,242.5,243.5,243.8,244.1,244.4,245.1,246.9,247.1,246.9,247.5,248.5,249.3,247,245.2,242.8,246.5,253.1,251.8,250.8,249.8,249.8,250.7,252.8,254.5,254.9,258.5,265,266.3,265.8,266.1,266.5,266.9,266.1,261.8,253.2
258.7,261.5,257.2,250.8,244.1,249.3,247.2,242,245.2,249,247.3,248.8,249.9,248.6,247.6,245,242.8,241.3,235.6,230.3,226.9,227.9,231.9,237.3,237.6,237.9,240.2,241.7,241.5,240.7,241.2,241.9,241.6,244.4,248.6,248.1,245.7,244.9,244,243.2,242.7,242.1,242.8,243.8,243.2,242.3,244.5,242.4,244.9,235.9,235.5,240.1,239.6,243.8,245.8,247.3,249.1,248.9,248.7,249.5,252.4,254.1,252.5,252,253.1,253.7,254.8,255.8,256.7,259.2,261.5,263.7,264.6,265.3,266,266.5,267.3,262.7
262.1,263.7,259.5,257.1,249.4,254,250,251.3,253.7,252.8,252.9,252.5,251.1,251.1,250.2,248.5,246.3,243.6,241.2,237,232.3,231.2,235.3,237.1,237.8,237.6,238.9,240.1,240.8,240.8,241,242.1,244.1,245.7,247,246.7,244.9,244.5,244.3,243.8,243.2,242.9,244.2,245,245.1,244.4,241.7,240.4,239.5,234.9,235.1,237.3,239.6,239.8,236.6,241.6,245.3,248.8,249.6,249,248.5,250.1,252.8,254.5,255.1,255.4,256.1,257.8,259.3,260.6,261.7,262.8,263.9,264.9,265.7,266.4,267.7,268.2
266.1,267.5,262,259.4,256.4,258.3,257.2,258.2,259.1,256.5,256.4,256.4,255.5,254.7,254.3,252.4,249.5,245.1,243,240.7,237.1,239.6,240.9,241.4,242.4,240.3,241.7,241.8,240.1,240,240.5,243.7,246.1,246.4,247,246.2,245.3,245.4,245.5,245.4,246.3,247.6,248.1,247.8,247,244.3,240.8,240.8,242.9,237.7,235.6,236.5,238.6,239,239.7,239.6,243.2,248.6,249,248.7,249.7,247.8,251.3,252.4,251.9,252.6,254.2,256.2,257.6,259.4,261.1,262.5,263.8,264.9,265.8,266.7,267.9,269.2
263.9,267.5,264,261,260.5,265.8,264.9,266.6,263.9,262.4,262,261,257.9,256.1,256.4,254.8,253.4,251.4,249.2,246.2,243.3,242.7,241.6,241.7,242.4,242.3,242.4,242,242.3,242.6,243.4,246.6,248.8,249.8,250.2,249.8,249.9,250.2,250.5,251.1,251.8,252.2,252.4,252.1,251.3,249.3,246.4,243,240.4,235.4,233.9,233,232.9,235.9,241.4,239.9,241.6,247.1,247.8,246.3,248.8,239.9,237.8,250,251.1,245.9,252,255.9,257.8,259.5,261.2,262.8,264.3,265.5,266.6,267.5,268.3,268.5
265,263,266,266.4,265.3,270.1,268.9,267.7,265,265.8,266.5,263.1,259.7,259.8,258.2,257,254.6,253.4,249.9,250.6,248.1,246.3,246.7,246.3,245.7,243.9,244.2,244.4,244.9,244.9,246,247.9,250.1,251.2,251.2,252,253.1,254.1,254.7,254.9,254.8,254.5,254.2,254,253.6,252.7,251.6,250.6,249.2,244.9,238.9,235.7,233.2,242.2,231.6,239.9,235.5,242.2,240.1,238.2,237.4,235.7,237.6,240.1,249.8,252.1,251.9,255.4,257.5,259,260.4,261.7,262.8,263.9,265.2,266.4,267.2,267.9
264.2,265.5,264.3,265.7,267.5,269.5,267.3,266.9,269.6,268.8,269.8,270.6,268.4,263.7,263.9,258.7,255.3,257.6,257,256.1,254.2,252.9,252.9,253.1,250.7,248.7,248.6,249.5,249.6,248.4,248.8,249.6,251.4,252.5,253.8,254.6,255.8,256.7,257,256.9,256.7,256.3,255.6,254.7,254.5,254.6,253.8,252.2,251,250.8,246.7,244.4,238.6,232.8,231.1,231,234.4,234.5,236.1,236.2,237.6,236.7,239.8,239.8,245,252.2,252.9,254.9,257.4,259,260.3,261.6,262.8,263.8,264.8,265.8,266.8,267.8
263.7,265.6,265.8,267.9,268.8,269.8,270.9,270.4,270.2,269.2,270.6,271.8,270.1,270.5,269.5,263.6,259.6,261.2,259.8,259.4,259.6,259.1,258.7,257.7,256,255.6,255.4,254.9,254.7,254.2,253.2,254,254.8,255.2,255.8,256.6,257.5,257.7,258.1,258.3,258.2,257.8,256.9,255.8,255.6,256.2,256.6,255.1,254.5,253.1,249.1,247.2,245.9,239.3,233.6,232.1,231.1,231.3,230,231.4,233.4,240.7,239.2,242.5,243.8,251.6,255.5,256,256.8,258.9,260.9,262,262.8,263.6,264.5,265.4,266.4,267.5
