data/1200-temp.json
{"header": {"discipline":0,"disciplineName":"Meteorological products","gribEdition":2,"gribLength":35117,"center":7,"centerName":"US National Weather Service - NCEP(WMC)","subcenter":0,"refTime":"2014-03-10T12:00:00.000Z","significanceOfRT":1,"significanceOfRTName":"Start of forecast","productStatus":0,"productStatusName":"Operational products","productType":1,"productTypeName":"Forecast products","productDefinitionTemplate":0,"productDefinitionTemplateName":"Analysis/forecast at horizontal level/layer at a point in time","parameterCategory":0,"parameterCategoryName":"Temperature","parameterNumber":0,"parameterNumberName":"Temperature","parameterUnit":"K","genProcessType":2,"genProcessTypeName":"Forecast","forecastTime":15,"surface1Type":103,"surface1TypeName":"Specified height level above ground","surface1Value":2,"surface2Type":255,"surface2TypeName":"Missing","surface2Value":0,"gridDefinitionTemplate":0,"gridDefinitionTemplateName":"Latitude_Longitude","numberPoints":65160,"shape":6,"shapeName":"Earth spherical with radius of 6,371,229.0 m","gridUnits":"degrees","resolution":48,"winds":"true","scanMode":0,"nx":360,"ny":181,"basicAngle":0,"subDivisions":0,"lo1":0,"la1":90,"lo2":359,"la2":-90,"dx":1,"dy":1}, "data":
[rows 105 to 139 of 181, columns 156 to 233 of 360]
301.9,301.1,300.6,300.5,301,301.5,301.5,301.6,302.1,302,301.8,299.8,302.2,302.6,303.2,303.1,303.1,302.8,302.3,302.2,302.2,302.4,302.2,302.3,302.3,302.4,302.2,301.8,301.8,301.9,301.6,301.6,301.7,302.1,301.9,301.9,302.1,302,301.9,301.7,301.4,301.3,301.2,301.2,301.5,301.4,301,301.9,301.8,302,301.7,301.5,301.3,301.3,301.1,300.6,300.5,300.5,300.8,300.7,300.6,300.5,300.6,300.6,300.5,300.4,300.1,300,299.8,299.7,299.6,299.6,299.5,299.6,299.7,299.7,299.7,299.6
301.3,300.2,300.4,300.5,301,301.1,301.4,301.7,301.6,301.3,301.3,301.7,302.3,302.4,302.8,302.9,302.8,302.7,302.2,301.9,302.2,302,302.2,302.3,302,301.5,301.5,301.5,301.6,301.6,301.6,301.6,301.5,301.8,301.8,301.7,301.7,301.7,301.6,301.3,301,300.9,300.7,300.8,301.1,301.3,300.7,300.9,302.1,301.7,301.8,301.5,301.4,301.4,301.2,300.8,300.8,301,300.9,300.7,300.5,300.3,300.2,300.3,300.3,300.2,300,299.8,299.7,299.5,299.7,299.8,299.7,299.6,299.5,299.4,299.5,299.5
300.8,300.5,300.4,300.7,300.9,301,301.1,301.2,301,301.2,301.6,301.7,301.9,301.9,302.2,302.6,302.7,302.2,301.9,301.8,301.8,301.8,301.5,302.3,301.1,301.4,301.6,301.5,301.6,301.6,301.4,301.4,301.4,301.6,301.7,301.4,301.3,301.3,301.3,301,300.8,300.6,300.5,300.6,300.9,301.5,300.4,300.9,301.6,301.9,301.8,301.5,301.5,301.5,301.5,301.5,301.4,301.2,301,300.7,300.4,300.2,300.3,300.3,300.1,299.9,299.7,299.7,299.6,299.5,299.6,299.8,299.9,299.6,299.4,299.3,299.5,299.4
299.8,299.8,300.4,300.6,300.5,300.7,300.6,300.7,300.5,300.8,301.3,301.5,301.6,302,302.4,302.3,302.1,301.5,300.9,300.8,301.3,301.4,299.8,300.8,301.1,301.2,301.3,301.5,301.5,301.4,301.5,301.4,301.3,301.3,301.4,301.1,301.2,301.4,301,300.7,300.6,300.8,300.6,300.5,300.8,301.4,300.3,301.2,301.8,301.8,301.6,301.6,301.5,301.6,301.6,301.4,301.3,301.1,300.8,300.7,300.7,300.4,300.1,299.9,299.9,299.8,299.8,299.8,300,300.4,300.1,299.9,300,299.8,299.6,299.4,299.5,299.5
300,300.4,300.4,300.4,300.4,300.4,300.2,300.1,300.3,300.3,300.8,300.7,300.9,300.9,301.1,301.2,300.9,300.6,300.1,299.9,300,300.4,300.4,300.2,300.6,300.9,301.4,301.5,301.4,301.2,301.3,301.6,301.3,301.2,301.1,301,301,301.1,300.6,300.4,300.8,300.9,300.7,300.8,301.2,301.6,300.9,301.3,302,301.8,301.7,301.6,301.5,301.4,301.4,301.4,301.2,300.9,300.6,300.5,300.4,300.2,299.9,299.9,300.1,299.9,300.1,300.2,300.4,300.3,300.3,300.1,300.1,299.9,299.6,299.5,299.4,299.6
300.2,300.1,300.1,300,300.1,300,300,299.9,300.8,300.1,300.3,300.5,300.4,300,300,299.9,299.6,299.7,299.7,299.7,299.9,299.7,299.6,300.1,300.4,300.4,300.6,301,300.9,300.9,300.8,301,301.2,301.1,301.2,301,300.9,300.8,300.3,300.1,300.3,300.5,300.6,300.9,300.8,301.6,301.6,301.6,301.7,301.5,301.4,301.3,301.2,301.1,301.1,301.2,301,300.6,300.5,300.3,300.1,300.1,300.1,300.1,300.1,299.9,299.9,300.2,300.3,300,300,300.1,299.9,299.6,299.4,299.5,299.5,299.7
299.9,299.8,299.4,299.4,299.4,299.6,299.8,299.8,300.2,299,299.7,299.6,299.8,299.7,299.7,299.8,299.5,299.5,299.5,299.7,299.9,299.8,299.8,300.3,300.4,300.5,300.6,300.5,300.4,300.4,300.3,300.4,300.7,300.7,300.9,301.1,301,300.8,300.4,299.9,299.8,300.1,300.3,300.6,300.8,300.5,301.4,301.6,301.6,301.3,301.2,301.1,300.9,300.9,300.9,300.9,300.7,300.5,300.5,300.4,300.2,299.9,300,299.9,299.8,299.8,299.9,300,300.1,299.8,300,299.9,299.9,299.7,299.2,299.1,299.3,299.4
299.4,299.2,299,298.9,298.9,299.2,299.3,299.5,299.6,299.7,299.2,299.5,299.8,299.6,299.4,299.4,299.5,299.5,299.6,299.7,300,300,299.9,300.2,300.3,300.4,300.3,300.2,300.1,300.1,300,300.1,300.3,300.6,300.8,301,301,301,300.6,300.1,299.8,300,300.3,300.3,300.6,301.1,301.3,301.4,301.3,301.1,301,300.9,300.7,300.7,300.7,300.7,300.6,300.6,300.5,300.3,300.1,299.9,299.8,299.8,299.6,299.8,299.7,299.7,300,299.9,299.9,299.9,299.9,299.9,299.7,299.2,299.1,299.2
298.6,298.6,298.7,298.6,298.6,298.6,298.6,299,299.2,299.2,299.3,299.4,299.5,299.6,299.7,299.8,299.9,299.9,299.9,299.8,299.8,299.8,299.6,299.8,300,300,299.9,299.8,299.6,299.5,299.6,299.7,299.8,300.1,300.3,300.6,300.6,300.8,300.5,300.3,299.9,299.9,300.2,300.2,300.3,300.4,301,301.1,301,301,300.9,300.7,300.6,300.5,300.4,300.5,300.5,300.6,300.2,300,299.8,299.5,299.5,299.7,299.7,299.7,299.6,299.6,299.8,299.6,299.7,299.8,299.8,299.8,299.7,299.5,299.4,299.3
298.4,298.5,298.3,298.3,298.2,298.2,298.1,298.3,298.6,298.5,298.5,298.6,298.8,298.9,299,299.1,299.2,299.2,299.2,299.3,299.2,299.3,299.4,299.3,299.4,299.6,299.5,299.4,299.3,299.4,299.3,299.2,299.2,299.4,299.6,299.8,300.3,300.5,300.4,300,299.9,299.7,299.8,300.1,300.2,300.3,300.7,300.8,300.7,300.6,300.7,300.5,300.3,300.3,300.2,300.2,300.3,300.4,300.1,299.8,299.7,299.6,299.7,299.6,299.6,299.5,299.3,299.4,299.5,299.3,299.5,299.5,299.6,299.6,299.4,299.4,299.2,299
298.1,298,297.8,297.8,297.8,297.6,297.6,297.7,297.7,298,298.3,298.4,298.4,298.3,298.2,298.2,298.3,298.4,298.5,298.6,298.7,298.8,298.9,299,299,299.1,299.3,299.3,299.1,298.9,298.9,298.7,298.8,299,299.3,299.4,299.7,299.8,299.9,299.8,299.6,299.6,299.6,299.8,299.9,299.9,300.4,300.6,300.5,300.3,300.1,300,300,299.9,299.9,299.9,299.9,300,299.9,299.6,299.5,299.4,299.3,299.5,299.4,299.2,299.1,299.1,299.2,299,299.2,299.3,299.2,299.1,299,299,298.9,298.7
297.8,297.5,297.3,297.3,297.3,297.1,297.1,297.2,297.4,297.9,297.7,297.7,297.7,297.6,297.6,297.6,297.5,297.6,297.8,297.9,298,298.2,298.5,298.6,298.4,298.5,298.6,298.7,298.5,298.3,298.3,298.5,298.5,298.3,298.6,298.8,299,299.3,299.4,299,298.8,298.9,299.1,299.3,299.4,299.5,299.8,300.1,300.2,299.8,299.6,299.8,299.7,299.6,299.5,299.4,299.5,299.5,299.5,299.4,299.1,299.1,298.9,299.3,299.2,299,299,299,298.9,298.7,299,299,299,298.9,298.7,298.5,298.3,298.2
297.6,297.3,297.2,296.9,296.9,296.8,296.6,296.6,296.8,297,297.1,297.1,297.1,297,297,297,297.1,297.2,297.3,297.4,297.5,297.6,297.9,297.9,298.1,298.2,297.9,297.8,298.3,298,297.7,297.7,297.7,297.6,297.6,297.5,297.6,297.5,297.6,297.6,297.6,297.9,298.1,298.4,298.4,298.5,298.5,298.7,298.7,299,299.2,299.2,299.2,299.2,299,299,299,299.1,299.1,299,298.8,298.8,298.7,298.9,299,298.7,298.8,298.8,298.6,298.5,298.8,298.7,298.5,298.3,298.2,298.2,298.1,297.9
297.4,296.9,296.8,296.6,296.5,296.6,296.3,296.2,296.4,296.4,296.5,296.5,296.5,296.4,296.5,296.6,296.4,296.4,296.5,296.7,296.9,297,297.2,297.4,297.4,297.6,297.9,297.6,297.6,297.6,297.5,297.3,297.2,297,297.1,296.7,296.4,296.2,296.4,297,297.1,296.9,297.1,297.3,297.3,297.3,297.4,297.6,297.5,297.4,297.5,298,298.6,298.6,298.6,298.4,298.5,298.6,298.6,298.5,298.4,298.4,298.3,298.5,298.6,298.5,298.5,298.5,298.4,298.3,298.3,298.3,298.1,297.9,297.7,297.4,297.4,297.3
297.1,296.8,296.4,296.2,296.2,296,296,296,295.9,295.8,295.8,295.9,295.9,296,295.9,295.8,295.7,295.7,295.8,295.9,296.1,296.4,296.7,296.9,297.1,297,297.1,297.1,296.8,296.7,296.7,296.6,296.6,296.6,296.6,296.6,296.8,296.9,296.8,296.8,297,296.9,296.6,296.5,296.5,296.4,296.4,296.5,296.7,296.9,297.1,297.4,297.4,297.8,298,298,298,298,297.9,297.8,297.8,297.8,297.9,297.9,298,298.1,298,298,298,297.9,297.9,297.8,297.7,297.5,297.2,296.9,296.5,296.5
296.8,296.6,296.2,295.9,295.9,295.8,295.4,295.3,295.4,295.4,295.4,295.4,295.5,295.3,295.2,295.3,295.3,295.3,295.3,295.4,295.6,295.9,295.9,296.1,296.4,296.5,296.5,296.3,296.3,296.3,296.3,296.2,296.2,296,295.8,295.9,295.9,296,296.2,296.4,296.5,296.5,296.3,296,295.9,295.8,295.7,295.7,295.7,295.9,296.1,296.4,296.9,297.3,297.4,297.5,297.5,297.3,297.2,297.1,297,297,297.2,297.4,297.5,297.5,297.5,297.4,297.4,297.5,297.4,297.4,297.3,297,296.7,296.4,295.9,296.1
296.9,296.6,296.3,296,295.7,295.5,295.2,295.1,295,294.8,295,294.9,294.7,294.8,294.9,294.8,294.8,294.8,294.8,294.9,295.1,295.2,295.3,295.4,295.4,295.4,295.4,295.2,295.2,295.3,295.3,295.4,295.5,295.6,295.7,295.7,295.5,295.5,295.6,295.6,295.6,295.5,295.6,295.4,295.2,295.1,295.1,295,294.9,295,295.3,295.5,296,297,297,297,296.8,296.9,296.7,296.5,296.6,296.7,296.9,296.9,297.1,296.9,296.9,296.9,297,297,297,296.9,296.6,296.4,296.2,295.8,295.6,296
296.7,296.2,296.1,295.7,295.6,295.4,295.1,294.9,294.7,294.5,294.4,294.3,294.3,294.3,294.3,294.3,294.1,294.1,294.2,294.2,294.5,294.6,294.5,294.6,294.7,294.8,294.9,294.8,294.9,295,295.1,295.2,295.2,295,294.7,294.6,294.8,295,295.1,295.3,295.3,295.2,295.1,295,294.8,294.6,294.5,294.4,294.3,294.3,294.6,294.8,294.8,295.3,296.6,296.4,296.2,296.2,296,296,296.2,296.2,296.3,296.3,296.5,296.3,296.3,296.3,296.4,296.4,296.4,296.4,296.1,295.9,295.7,295.3,295.1,295.6
296.2,296,295.7,295.2,295.1,295,294.8,294.7,294.4,294.1,294.1,294.1,294.1,293.9,293.8,293.8,293.7,293.6,293.6,293.7,293.8,294,294,294,294.1,294.1,294.2,294.3,294.4,294.4,294.5,294.6,294.6,294.5,294.4,294.4,294.5,294.5,294.4,294.3,294.2,294.1,294.3,294.2,294.2,294.2,294.2,294.1,293.9,293.8,293.8,294.1,294.1,294,294.1,295.2,296.1,295.8,295.4,295.2,295.6,295.5,295.5,295.6,295.5,295.6,295.7,295.7,295.8,295.8,295.8,295.8,295.6,295.4,295.1,294.7,294.6,295.1
295.5,295.3,295.2,294.9,294.7,294.3,294.1,294.1,294,293.8,293.7,293.7,293.6,293.5,293.3,293.2,293.4,293.3,293.3,293.3,293.2,293.3,293.4,293.5,293.4,293.5,293.5,293.6,293.6,293.7,293.7,293.7,293.8,293.9,293.9,293.9,293.7,293.7,293.6,293.6,293.5,293.3,293.2,293.1,293.1,293.1,293.1,293.2,293.4,293.5,293.4,293.4,293.5,293.2,293.1,293.3,293.8,295.3,294.9,294.8,295,295.3,294.9,294.8,294.8,294.9,295,295.1,295.1,295,295,295,295.1,294.8,294.6,294.3,294.2,294.5
295.1,294.9,294.7,294.5,294.1,293.8,293.6,293.4,293.4,293.4,293.1,293,293,293.1,293,292.8,292.7,294.1,293.8,292.8,292.9,292.8,292.8,292.8,292.8,292.7,292.9,293.1,293.2,293.2,293.1,293.1,293.1,293,293,293,292.9,292.8,292.8,292.7,292.6,292.5,292.4,292.3,292.2,292.2,292.2,292.3,292.5,292.7,293,293.1,293,292.9,292.6,292.2,292.3,292.8,293.7,294.2,294.5,294.7,294.3,294.1,294.1,294.1,294.3,294.4,294.4,294.3,294.2,294.2,294.4,294.3,294.2,294,293.7,293.8
294.7,294.4,294.2,293.8,293.5,293.2,292.9,292.6,292.8,292.7,292.6,292.5,292.4,292.3,292.3,292.4,292.3,292.1,294.7,292.2,292.3,292.4,292.4,292.4,292.3,292.3,292.3,292.3,292.5,292.7,292.6,292.6,292.5,292.5,292.4,292.3,292.3,292.2,292.1,292,291.9,291.8,291.7,291.6,291.6,291.5,291.4,291.5,291.7,291.8,292,292.2,292.5,292.5,292.4,292.3,291.9,291.5,291.9,293,293.6,293.8,293.5,293.4,293.4,293.4,293.6,293.6,293.7,293.7,293.6,293.5,293.7,293.9,293.8,293.5,293.4,293.2
294.3,293.8,293.4,293,292.8,292.5,292.3,292.1,291.9,292,291.9,291.9,291.8,291.6,291.5,291.3,291.3,291.6,292,293.6,292,291.5,292.3,292.1,292.1,292.1,291.9,291.8,291.8,291.9,292,292.1,292,291.9,291.9,291.8,291.8,291.7,291.7,291.6,291.5,291.4,291.4,291.3,291.2,291.1,291,290.8,290.9,291,291.2,291.3,291.5,291.8,292.1,292.1,292,291.6,291.3,291.7,293,293,292.9,292.7,292.8,292.8,292.8,292.9,293,293,293,292.9,292.9,293,293.1,293.1,293,292.9
293.8,293.2,292.8,292.4,292.2,291.9,291.7,291.4,291.3,291.3,291.2,291.2,291.1,291,290.9,290.8,290.6,290.7,290.3,295.4,294.7,293.6,289.4,291.4,291.6,291.5,291.6,291.5,291.5,291.5,291.5,291.6,291.6,291.6,291.7,291.6,291.5,291.5,291.5,291.4,291.2,291.1,291.1,291.1,291,290.9,290.8,290.7,290.5,290.4,290.5,290.6,290.6,290.8,291,291.4,291.7,291.8,291.3,290.9,291.9,292.5,292.3,292.3,292.3,292.3,292.3,292.3,292.4,292.5,292.4,292.3,292.3,292.4,292.5,292.5,292.5,292.4
293.4,293,292.7,292.2,291.6,291.3,291.2,291,290.6,290.4,290.5,290.3,290,290.2,290.2,290.2,290.3,290.1,292.5,297.2,294.7,293.7,291.3,290.8,290.9,291,291.1,291.1,291.3,291.3,291.3,291.3,291.3,291.3,291.5,291.5,291.3,291.2,291.2,291.1,290.9,290.8,290.8,290.8,290.8,290.7,290.6,290.5,290.4,290.2,290.1,290,290.1,290,290.1,290.3,290.6,291.1,291.3,290.9,290.4,291.1,291.2,290.9,290.8,290.9,291,291.3,291.6,291.8,291.7,291.6,291.6,291.7,291.9,291.9,291.9,291.9
292.7,292.2,291.8,291.4,291.3,291,290.7,290.6,290.4,290,290,289.9,289.5,289.7,289.5,289.8,289.4,290.3,290.5,292.7,295.3,290.9,290.4,290.3,290.1,290.3,290.6,290.6,290.7,290.9,291,291.1,291.1,291.1,291.1,291.2,291.3,291.2,291.1,291.1,291,291,290.8,290.7,290.7,290.5,290.3,290.2,290.1,290.1,290,289.9,289.8,289.8,289.7,289.5,289.5,289.8,290.5,290.9,290.7,290.2,290,290,290,290.1,290.1,290.2,290.5,290.7,290.7,290.7,290.7,290.9,291.1,291.1,291.3,291.3
291.8,291.3,290.9,290.5,290.4,290.4,290.2,290,290,289.9,289.6,289.2,289.1,289.2,289.3,289.1,289.6,292.3,289.4,292,294.1,289.6,290,289.6,289.9,290.1,290.1,290.3,290.5,290.7,290.7,290.8,290.9,290.9,290.9,291,291,291,291,290.9,290.9,290.9,290.8,290.7,290.6,290.5,290.4,290.1,289.9,289.7,289.6,289.6,289.6,289.5,289.5,289.3,289.1,288.9,289.1,289.9,290.4,290.4,290,289.8,289.7,289.6,289.6,289.5,289.6,289.8,289.9,289.9,290,290.2,290.2,290.1,290.3,290.8
291,290.5,290.1,289.8,289.6,289.6,289.5,289.4,289.3,289.2,288.8,288.8,288.7,288.8,289,288.4,291.8,290.9,290.8,288.9,288.9,289.3,289.2,288.9,289.3,289.4,289.5,289.7,289.8,290,290.1,290.2,290.3,290.5,290.6,290.6,290.6,290.7,290.7,290.6,290.5,290.4,290.4,290.4,290.4,290.3,290.1,290,289.8,289.6,289.4,289.2,289.1,289.2,289.1,289.1,288.9,288.7,288.4,288.4,289.2,289.9,289.8,289.4,289.3,289.2,289.1,289.1,289.1,289.3,289.3,289.3,289.4,289.5,289.5,289.6,289.4,289.6
290.1,289.8,289.4,289.1,288.9,288.9,288.8,288.7,288.6,288.6,288.5,288.6,288.4,288,288.3,288.2,290.7,290.3,287,288.5,288.2,288.1,287.9,288.2,288.3,288.4,288.5,288.9,289.2,289.4,289.5,289.7,289.8,290,290.1,290.1,290.2,290.2,290.2,290.1,290,289.9,289.8,289.8,289.9,289.8,289.7,289.6,289.5,289.4,289.3,289,288.7,288.6,288.6,288.7,288.6,288.5,288.3,287.8,287.7,288.7,289.4,289.1,288.9,289,288.8,288.7,288.7,288.8,288.8,288.8,288.8,288.8,288.8,288.8,288.7,288.7
289.3,289,288.7,288.5,288.3,288.2,288.1,288,288,288,288.1,287.9,288.1,288.7,289.8,292.9,289.7,287.4,287.2,287.3,287.2,287.1,287.2,287.4,287.7,287.8,287.7,288,288.6,288.7,288.8,289.1,289.2,289.3,289.5,289.6,289.7,289.6,289.5,289.5,289.4,289.3,289.3,289.3,289.2,289.1,289,288.9,288.8,288.8,288.8,288.8,288.7,288.3,288.1,288.1,288.1,288,288,287.8,287,287.1,288.3,289,288.5,288.3,288.3,288.3,288.3,288.3,288.2,288.2,288.1,288.1,288.1,288,287.9,287.8
288.4,288.2,288.1,287.9,287.7,287.6,287.5,287.4,287.4,287.4,287.3,287.7,289.5,294.6,294.3,290.4,285.3,286.3,286.6,286.6,286.6,286.5,286.6,286.5,286.6,286.8,287,287.3,287.7,287.8,288.1,288.6,288.8,288.8,288.9,289,289.1,289.1,289,288.9,288.8,288.8,288.7,288.7,288.6,288.5,288.4,288.3,288.2,288.1,288,288.1,288.1,288.1,288,287.7,287.6,287.6,287.5,287.4,287,286,286.5,287.9,288.3,288,287.8,287.6,287.7,287.9,287.7,287.5,287.5,287.4,287.3,287.2,287.1,287
287.8,287.6,287.4,287.2,287.1,287,286.9,286.8,286.8,286.9,286.7,289,294.3,293.2,291.9,286.2,285.8,285.7,285.7,285.8,285.7,285.6,285.7,285.8,285.9,286.2,286.3,286.5,286.8,287.2,287.5,287.8,288.2,288.4,288.6,288.6,288.6,288.5,288.4,288.3,288.3,288.2,288.2,288.2,288.2,288.1,288,287.9,287.7,287.6,287.5,287.5,287.5,287.5,287.4,287.3,287,286.9,286.8,286.7,286.6,285.7,285,286.4,287.4,287.3,287.3,287.2,287,287,287,286.9,286.8,286.7,286.6,286.5,286.3,286.2
286.2,286.3,286.5,286.6,286.5,286.3,286.1,286.1,286.2,286.2,286.2,285.8,287.7,287.4,286.8,286.2,285.7,285.4,285.2,285.1,285,284.8,284.8,284.9,285.2,285.3,285.6,286.1,286.6,286.9,287,287.3,287.7,287.9,288,288.1,288,287.9,287.8,287.7,287.6,287.7,287.7,287.7,287.7,287.6,287.5,287.4,287.2,287.1,287.1,287,286.9,286.9,286.9,286.7,286.3,286,286.1,286,285.9,285.5,284.1,284.8,286.5,286.3,286.4,286.3,286.3,286.2,286.2,286.2,286.1,286,286,285.8,285.5,285.3
285.1,285.1,285.1,285.1,284.9,285,285.2,285.3,285.4,285.5,285.6,285.6,285.5,285.7,285.8,285.7,285.5,285.2,285,284.8,284.6,284.4,284.4,284.4,284.4,284.6,285.2,285.7,285.9,286,286.2,286.5,286.9,287.3,287.4,287.3,287.2,287.1,287,286.9,286.8,286.7,286.8,286.8,286.7,286.7,286.5,286.4,286.5,286.4,286.4,286.4,286.4,286.3,286.1,286.1,285.8,285.2,285.3,285.4,285.2,285.1,284,283.3,285.4,285.5,285.5,285.5,285.5,285.5,285.5,285.5,285.4,285.4,285.3,285.1,284.8,284.7
284.2,284.1,284,283.9,283.9,283.9,283.9,284.1,284.4,284.6,284.7,284.8,284.9,285,285.1,285,285,284.9,284.7,284.5,284.3,284.1,284,284,284.1,284.4,284.6,284.9,285.2,285.5,285.7,286,286.3,286.5,286.6,286.5,286.4,286.4,286.2,286,286.1,286.1,286.2,286.1,286,285.9,285.7,285.5,285.3,285.3,285.2,285.3,285.3,285.4,285.4,285.3,285.3,284.8,284.4,284.8,284.6,284.6,284.2,282.9,283.8,284.8,284.8,284.7,284.8,284.8,284.7,284.7,284.7,284.7,284.6,284.4,284.2,284.1
