data/1500-temp.json
{"header": {"discipline":0,"disciplineName":"Meteorological products","gribEdition":2,"gribLength":61408,"center":7,"centerName":"US National Weather Service - NCEP(WMC)","subcenter":0,"refTime":"2014-03-10T12:00:00.000Z","significanceOfRT":1,"significanceOfRTName":"Start of forecast","productStatus":0,"productStatusName":"Operational products","productType":1,"productTypeName":"Forecast products","productDefinitionTemplate":0,"productDefinitionTemplateName":"Analysis/forecast at horizontal level/layer at a point in time","parameterCategory":0,"parameterCategoryName":"Temperature","parameterNumber":0,"parameterNumberName":"Temperature","parameterUnit":"K","genProcessType":2,"genProcessTypeName":"Forecast","forecastTime":18,"surface1Type":103,"surface1TypeName":"Specified height level above ground","surface1Value":2,"surface2Type":255,"surface2TypeName":"Missing","surface2Value":0,"gridDefinitionTemplate":0,"gridDefinitionTemplateName":"Latitude_Longitude","numberPoints":65160,"shape":6,"shapeName":"Earth spherical with radius of 6,371,229.0 m","gridUnits":"degrees","resolution":48,"winds":"true","scanMode":0,"nx":360,"ny":181,"basicAngle":0,"subDivisions":0,"lo1":0,"la1":90,"lo2":359,"la2":-90,"dx":1,"dy":1}, "data":
[rows 32 to 63 of 181, columns 0 to 71 of 360]
280.36,280.25,280.11,280.01,280.01,279.94,279.58,277.15,276.56,278.47,278.96,278.55,273.7,273.38,273.77,273.49,273.83,276.52,276.79,276.54,276.37,276.06,275.78,275.15,274.89,274.2,274.05,274.15,274.01,274.37,274.7,274.8,275.05,274.58,274.73,274.86,274.98,274.64,274.76,274.7,274.69,274.73,274.17,273.87,273.68,273.46,273.64,273.67,273.92,273.92,273.79,274.03,274.01,274.17,273.86,273.99,274.05,273.68,273.51,273.42,273.82,273.81,274.29,274.13,274.02,273.95,274.12,273.56,273.15,272.95,272.97,273.05
280.2,280.07,280.04,280.03,279.98,279.93,279.93,279.69,279.3,278.74,273.39,278.56,277.48,273.81,273.75,273.48,274.01,276.56,277.06,276.9,276.96,276.28,274.28,274.26,274.61,273.82,273.62,274.27,274.25,274.07,274.46,274.82,273.91,274.19,274.66,275.34,275.22,275.15,274.92,274.65,274.73,274.54,274.26,273.87,273.31,273.19,273.15,273.43,273.97,273.87,274,274.03,274.22,274.21,274.27,273.98,273.9,274.07,273.66,273.24,273.49,273.54,273.92,274.06,274.21,273.59,273.23,273.08,272.99,272.77,272.43,272.3
280.07,280.07,280.01,279.99,280.06,280.07,279.9,279.83,278.76,273.84,275.19,277.97,277.38,274.74,274.41,276.52,277.03,277.32,277.36,277.23,277.01,276.05,273.68,274.03,274.18,273.83,273.69,273.65,273.87,274.08,274.32,274.41,274.72,274.89,275.01,274.79,274.74,274.79,274.86,274.78,274.45,274.32,273.93,273.35,273.02,272.5,272.61,273.17,273.69,273.64,273.31,273.21,273.21,273.36,273.36,273.25,273.35,273.02,273.1,272.02,271.95,273.39,273.88,273.48,272.76,272.4,272.17,271.17,271.08,271.36,271.4,271.14
280.11,280.07,280.14,280.18,280.28,280.27,279.94,279.52,278.73,275.41,277.4,276.89,276.11,277.44,277.29,277.5,277.51,277.43,277.28,277.35,277.04,276.35,275.32,275.12,274.94,274.54,274.35,274.19,274.36,274.72,274.84,274.78,274.68,274.73,274.68,275.04,274.9,274.74,274.86,275.04,274.76,273.94,273.42,272.43,271.05,271.87,272.72,272.22,272.32,272.71,272.41,272,271.24,271.19,270.6,270.92,269.88,267.26,268.46,270.05,272.33,272.52,272.2,271.04,271.39,271.65,269.75,269.4,269.16,269.37,269.9,270.33
279.55,280.29,280.35,280.41,280.51,280.44,280.03,279.5,279.11,276.75,275.79,276.2,276.36,276.68,277.42,277.35,276.62,275.83,275.47,276.06,275.57,275.15,274.89,274.92,275.09,274.88,274.71,274.11,274.61,274.82,274.88,274.98,275.27,275.35,275.35,275.25,275.16,274.7,274.11,273.32,272.38,271.44,271.16,270.94,270.45,271.02,271.37,270.99,270.81,271.63,270.4,270.13,269.21,268.98,267.84,267.76,265.78,265.54,267.28,271.15,271.08,269.88,269.87,269.95,269.63,269.22,268.66,268.78,268.8,269.65,270.09,270.46
277.73,279.87,280.78,280.8,280.86,280.46,278.47,277.64,276.9,276.82,276.62,276.53,276.53,276.51,276.21,276.07,276.15,276.16,275.85,275.94,275.72,275.45,275.2,275.18,275.26,275.08,274.96,275.04,275.08,275.02,275.08,275.14,275.34,275.65,275.61,275.31,274.99,274.63,274.12,273.49,273.2,271.14,270.72,270.08,269.55,269.3,270,270.67,271.37,270.65,268.23,267.82,267.02,266.38,265.52,265.44,264.32,264.93,267.9,270.53,267.68,268.23,269.02,269.16,268.79,268.55,267.58,267.43,268.2,268.65,269.01,269.78
275.21,277.83,281.36,281.28,280.42,278.17,277.9,277.97,277.84,276.78,276.37,275.83,276.53,276.66,277.22,277.13,276.57,276.14,276.18,275.85,275.15,275.34,275.77,275.94,275.62,275.28,275.29,275.42,275.37,275.2,275.23,275.47,275.81,275.72,275.61,275.77,275.81,275.19,274.87,274.7,273.62,272.07,270.07,268.94,269.12,269.91,270.22,269.48,268.37,267.07,266.78,267.27,265.66,265.21,265.1,265.59,264.03,264.58,267.71,268.05,266.01,266.71,267.57,267.63,268.26,266.8,266.71,266.92,267.36,267.65,267.75,267.94
277.27,281.35,281.15,279.91,278.58,277.93,277.81,277.94,276.49,276.9,276.51,276.55,275.74,275.87,274.89,275.18,274.52,274.91,275.13,274.59,274.79,274.54,275.32,275.3,275.86,276.38,276.79,276.35,275.81,275.69,275.58,275.61,275.67,275.51,275.61,275.65,276.25,276.78,276.62,276,274.97,272.71,269.57,268.6,270.13,271.34,269.86,268.11,267.37,266.84,266.2,266.14,265.43,265.76,266.39,266.74,266.58,265.68,266.64,267.56,266.42,267.1,267.65,267.17,267.01,266.01,266.46,267.5,267.15,266.05,265.71,265.41
281.78,281.01,279.74,279.56,277.95,277.28,276.98,276.83,276.83,277.14,276.73,276.07,274.9,274.09,273.73,274.34,274.25,274.33,274.81,274.81,274.54,274.23,273.97,274.55,275.41,276.19,277.18,276.74,276.19,275.91,275.84,275.83,275.51,275.58,275.82,276.17,276.38,275.93,274.99,274.06,273.37,272.16,270.44,269.32,267.86,267.4,266.92,267.27,267.2,267.16,267.08,266.93,266.15,266.01,266.89,267.19,267.7,267.97,267.82,268.73,268.69,267.35,267.52,266.82,266.16,265.62,264.99,264.6,266,265.77,264.79,265.58
279.44,279.17,280.1,278.8,277.62,277.66,276.79,276.69,276.67,275.18,274.11,274.15,274.26,273.95,272.71,273.75,276.02,275.81,275.72,275.11,273.55,274.74,275.38,274.35,275.39,275.97,276.37,275.52,275.23,275.25,275.32,275.53,275.68,276.17,275.7,275.5,274.7,274.1,274.07,274.06,274.12,273.61,272.65,270.83,268.15,268.9,269.38,270.45,269.69,269.32,268.6,267.74,267.36,267.24,267.35,267.23,267.39,268.1,269.36,270,269.65,267.75,267.5,266.97,266.42,265.19,264.95,266.04,266.39,265.24,265.95,268.04
278.04,279.19,278.53,277.16,276.44,276.25,276.27,274.15,274.26,273.49,273.55,273.52,273.57,273.65,273.75,274.03,274.26,277.55,277.9,277.01,276.52,277.79,276.88,276.58,275.39,273.56,275.79,275.6,275.22,275.09,275.4,275.72,275.55,275.52,275.33,274.47,274.2,274.43,274.19,273.84,273.62,274.63,274.74,275.12,274.27,275.1,276.33,277.21,277.47,277.15,276.38,275.26,272.9,271.08,269.49,268.03,267.59,268.4,269.13,269.65,269.42,269.17,267.7,267.32,266.5,266.55,266.9,266.78,267.14,268.94,269.89,269.05
278.71,278.3,277.32,275.98,275.12,276.72,275.34,273.53,273.55,265.35,268.06,266.55,266.31,267.82,271.42,273.76,276.65,277.19,276.72,277.14,276.89,277.44,277.57,276.12,276.35,273.04,273,275.29,275.09,275.44,275.41,275.69,275.83,276.25,275.83,275.23,275.58,275.74,275.71,274.67,273.48,274.06,273.97,273.9,274,275.92,278.13,278.27,279.48,279.85,279.73,279.17,278.96,277.8,275.44,271.86,270.7,269.82,268.64,269.41,270.74,270.86,269.42,268.51,268.62,269.96,270.3,270.57,270.58,269.04,268.34,266.98
278.7,276.82,275.35,272.87,272.97,276.78,273.91,261.6,257.6,274.7,272.99,274.13,275.75,278.4,274.5,274.9,276.28,276.77,276.96,277.17,277.88,277.38,275.73,275.06,275.13,274.04,272.97,275.13,275.17,275.12,276.67,278.45,277.36,276.14,276.11,278.45,279.17,278.4,276.16,275.49,275.88,275.92,276.05,276.17,277.36,278.42,280.61,280.31,280.63,279.43,279.04,279.23,279.01,279.09,279.23,278.56,277.32,274.78,274.91,277.74,278.61,273.68,269.87,270.33,271.13,271.72,271.45,270.36,270.22,270.07,269.91,269.18
278.68,277.78,276.38,273.44,273.64,276.95,269.29,266.76,276.88,277.51,277.36,279.11,281.41,284.52,281.69,274.2,274.75,275.87,276.79,277.26,277.09,276.45,274.07,275.9,276.64,276.55,276.62,276.48,275.3,276.62,279.27,278.66,278.1,278.11,276.69,277.76,278.89,277.23,275.24,275.46,276.2,277.15,276.58,276.85,278.47,279.95,280.99,280.03,279.07,279.36,279.53,280.33,281.07,280.71,279.5,279.43,280.04,280.6,280.78,281.08,279.8,276.53,272.25,271.65,272.02,272.22,272.45,271.87,270.95,270.04,269.92,269.63
278.54,277.96,276.41,272.91,278.08,277.62,274.5,271.25,279.35,285.61,281.2,275.46,276.42,284.19,284.66,282.1,276.09,271.73,273.19,272.69,274.03,274.96,273.87,276.92,276.23,276.25,275.91,274.95,275.42,279.52,279.59,279.64,279.86,279.97,280.89,279.83,279.23,279.96,280.94,281.53,276.85,279.85,280.41,277.71,277.39,279.28,280.58,281.31,279.31,279.27,279.54,281.68,280.45,279.79,278.92,279.05,278.59,278.95,279.66,280.28,279,277.43,275.21,274.05,273.36,272.93,274.68,277.93,275.51,275.19,274.2,271.19
272.1,275.95,278.1,284.06,286.51,286.33,284.94,286.27,285.98,285.16,284.31,277.92,276.92,275.24,283.68,284.76,283.93,281.63,276.06,269.35,270.3,271.09,273.56,270.53,271.44,270.77,270.26,273.09,277.94,280.44,280.64,280.65,280.31,280.37,280.83,280.51,279.84,280.22,281.19,282.58,284.2,284.81,276.22,272.88,279.42,280.58,281.94,281.99,279.23,280.18,279.95,280.43,281.76,280.57,280.08,279.04,279,278.95,278.88,279.24,278.96,278.74,278.87,278.48,277.16,276.86,276.62,277.34,278.89,279.78,273.47,273.29
275.18,277.19,276.55,280.79,286.65,286.53,286.52,286.06,285.72,276.63,285.05,284.67,280.44,275.63,273.24,281.75,282.94,284.46,283.29,281.07,274.13,269.65,274.15,271.3,268.64,272.24,273.32,272.47,277.64,280.86,280.51,280.33,280.17,278.94,277.51,278.54,279.92,280.7,281.81,282.56,283.63,283.48,284.8,282.67,278.63,278.27,276.74,271.94,282.77,280.16,280.72,280.72,281.74,283.81,282.93,279.96,280.32,280.48,280.18,279.87,279.37,278.8,278.68,279.52,278.86,277.25,277.49,277.64,279.21,279.53,274.03,267.44
277.66,284.6,286.96,286.81,286.63,286.56,286.36,286.15,285.37,281.69,285.71,286.2,285.83,284.83,281.54,275.23,276.42,280.29,284.3,283.31,277.98,271,271.99,275.82,276.92,278.2,274.82,273.29,279.07,280.3,279.75,279.86,276.6,277.13,276.26,278.95,278.57,279.93,282.43,281.74,283.94,277.83,279.7,273.73,274.79,277.05,280.59,281.71,274.58,283.38,281.27,281.65,281.41,283.08,282.92,280.7,281.17,281.72,281.92,280.92,280.04,279.8,279.68,280.23,278.37,280.07,280.92,280.31,280.08,281.83,274.77,277.28
278.69,286.87,286.71,286.13,286.83,286.45,286.16,286.03,284.53,275.29,285.37,286.32,286.37,286.27,285.96,284.49,275.84,283.6,283.61,286.09,278.98,271.67,273.15,280.09,282.14,281.72,280.23,273.66,276.79,275.35,276.69,276.44,278.01,276.79,279.81,278.31,278.97,277.1,277.62,277.41,276.64,274.64,275.82,275.79,283.63,276.02,274.32,281.85,281.72,284.29,282.66,282.62,282.29,282.83,283.29,280.47,281.94,283.25,282.96,282.32,281.65,281.29,280.63,280.47,280.38,281.13,281.05,278.41,277.97,279.22,276.99,274.71
286.22,286.56,286.93,286.84,287.05,286.43,286.26,286.17,285.51,283.32,286.47,286.24,286.37,286.3,286.3,285.81,282.75,282.43,286.08,286.51,285.17,279.99,273.21,278.61,282.83,282.53,281.34,279.46,277.37,276.36,275.64,276.59,278.51,278.48,279.12,278.91,276.87,274.82,275.59,278.76,277.76,275.19,277.15,275.12,274.51,282.8,280.05,281.29,279.21,283.47,284.02,283.72,283.47,283.03,284.52,283.83,284.87,285.37,283.64,283.94,283.17,282.73,282.71,282.77,282.24,281.43,281.56,278.42,267.24,269.43,272,269.96
286.58,286.67,287.03,287.25,287.41,286.8,286.66,286.76,286.32,286.08,286.12,286.28,286.26,279.88,279.56,277.36,281.34,285.95,286.64,286.83,285.94,283.31,274.82,279.42,281.42,284.05,283.89,282.23,279.14,280.33,278.86,276.85,276.41,279.24,279.15,274.55,275.53,276.42,276.39,279.14,281.04,282.73,281.6,273.45,272.68,282.24,284.25,282.17,280.93,283.99,284.72,285.85,285.95,286.13,291.48,291.25,290.17,284.49,285.48,287.02,284.64,283.54,282.81,282.81,283.01,283.43,282.73,278.45,278.88,278.95,276.23,266.11
286.74,286.69,286.4,286,285.71,285.83,284.19,283.05,283.48,280.78,280.84,284.16,286.21,286.37,284.19,281.33,286.61,286.95,286.9,285.89,285.63,285.7,279.76,280.27,284.68,285.02,285.11,285.33,283.21,278.69,275.61,283.58,275.28,278.19,273.45,284.57,285.53,281.51,283.6,283.24,283.78,283.84,285.32,284.81,283.09,277.43,286.11,279.71,285.23,286.29,288,287.94,286.96,287.35,292.79,292.8,282.51,283,280.51,282.29,286.19,284.74,283.28,283.41,281.71,282.78,283.75,283.98,282.57,281.97,275.85,270.09
285.71,277.2,273.16,275.69,276.33,273.91,272.29,274.2,276.27,275.78,279.25,285.6,286.52,287.09,286.87,286.84,287.24,287.36,286.62,286.1,286.85,286.3,285.71,285.34,285.65,285.73,285.95,286.41,286.25,286.86,287.21,287.52,288.08,286.75,288.38,288.19,285.67,285.77,285.37,286.27,285.79,286.61,287.6,288.08,287.79,287.28,281.22,280.65,284.23,280.25,283.16,278.11,275.02,283.7,280.59,284,284.92,287.19,284.27,283.02,284.6,284.51,281.7,283.51,283.27,281.71,279.1,279.53,273.91,278.4,265.58,264.13
274.45,275.9,275.91,276.08,277.29,280.99,280.13,278.88,278.26,280.41,282.78,285.41,287.02,287.35,287.28,287.45,287.62,287.42,287.04,286.56,287.19,286.94,286.57,286.38,284.31,283.14,284.15,286.83,287.28,287.74,288.17,288.44,288.94,284.35,288.92,289.4,286.73,285.32,282.67,285.58,287.22,287.18,287.47,289.38,289.46,289.3,285.7,280.77,281.82,282.82,280.4,284.45,287.99,287.31,287.33,287.19,287.72,285.31,285.06,283.64,280.81,282.65,280.8,282.51,280.5,269.46,267.49,266.57,269.16,274.48,272.67,274.15
279.66,277.22,276.04,279.53,281.05,283.47,286.22,286.46,284.48,283.15,284.32,287.56,287.44,287.59,287.63,287.75,287.76,287.9,287.85,287.71,287.51,286.97,286.51,286.39,286.44,286.17,286.61,287.05,287.44,287.91,288.44,288.85,289.2,289.22,289.81,289,278.38,281.64,283.74,284.68,286.44,287.14,287.87,289.77,291.62,292.53,287.17,285.3,281.39,280.18,281.04,278.22,284.65,286.79,288.96,289.02,291.28,286.16,285.57,281.45,283.02,281.43,282.17,278.19,271.81,266.8,267.54,267.4,267.04,274.33,272.07,277.05
278.54,278.92,279.41,280.38,281.62,283.55,284.44,284.63,284.77,284.53,282.2,283.97,285.2,286.94,287.71,288.31,288.27,288.33,288.51,288.53,288.4,287.9,286.18,287.53,288.35,289.31,288.73,287.91,288.06,288.55,288.74,288.65,288.92,289.29,289.4,287.97,284.16,283.96,284.69,284.79,285.83,287.55,288.8,290.55,292.64,292.87,293.42,288.06,286.72,282.99,276.78,282.16,282.63,283.93,287.11,288.57,288.37,288.82,287.23,284.82,281.17,282.55,281.67,283.1,275.4,277.13,277.25,270.1,275.44,273.23,283.65,287.41
282.36,282.79,283.04,281.71,283.1,284.6,284.89,284.5,283.41,283.27,282.17,282.11,280.92,278.22,281.73,284.27,288.16,288.6,288.91,289.14,288.39,283.5,285.43,285.6,287.29,288.87,290.08,290.14,289.84,290.02,289.32,288.5,289.04,289.63,289.46,287.9,284.34,285.87,284.94,284.02,285.51,287.78,290.57,290.86,292.71,293.63,295.18,294.87,293.87,294.62,284.89,279.59,284.02,287.4,288.02,287.41,286.01,289.72,291.71,287.29,283.05,285.27,285.29,287.08,284.18,282.83,281.27,278.8,275.64,279.71,287.84,290.51
283.81,283.61,282.67,283.24,284.03,284.82,284.68,284.8,283.44,282.88,282.25,280.24,279.99,279.86,282.7,283.5,284.3,285.93,288.28,289.19,288.71,286.73,285.99,285.79,286.06,286.3,286.85,287.44,289.12,289.56,287.56,285.71,288.52,289.51,289.37,287.47,283.48,285.34,286.3,285.14,286.13,288.71,291.05,291.15,292.38,293.85,296.18,296.66,296.3,296.75,292.2,281.89,279.32,284.99,288.97,288.23,289.25,286.4,294.1,290.67,286.67,287.55,285.48,283.87,283.71,282.05,282.75,275.93,278.53,281.67,283.49,292.24
285.7,285.14,284.61,283.47,283.89,284,284.1,284.07,282.56,282.28,282.24,280.46,280.39,280.51,281.74,282.98,283.13,283.23,283.47,286.15,287.59,287.89,287.32,286.79,287.03,286.83,286.41,288.87,289.5,288.79,289.1,288.81,288.26,287.02,287.24,287.79,284.3,285.01,286.48,288.06,288.22,288.99,291.03,292.12,293.02,293.77,295.86,296.55,297.38,295.25,295.06,289.74,282.36,284.49,284.74,288.89,283.86,287.05,292.58,294.5,288.24,287.71,285.88,284.53,284.7,283.98,282.97,278.93,288.56,286.29,286.91,293.98
288.32,287.51,286.46,284.12,282.92,283.21,283.5,284.12,284.19,282.19,280.15,279.53,280.57,280.79,281.31,281.45,282.78,284.16,284.39,286.05,286.18,287.15,287.74,287.1,286.89,287.26,287.67,288.57,287.5,287.84,289.05,289.83,287.54,291.91,282.76,288.07,286.02,285.18,286.55,287.23,287.67,289.53,290.65,291.42,293.2,294.49,295.87,297.12,295.55,293.43,293.68,296.52,292.39,287.79,286.73,288.06,285.73,285.4,286.17,294.08,291.36,284.47,286.6,285.43,285.51,285.04,281.05,281.56,295.13,292.29,294.52,295.07
289.12,288.21,286.63,285.34,283.77,283.49,284.1,284.67,283.85,282.71,281.72,281.57,281.73,282.77,282.02,282.82,282.3,281.82,283.92,285.02,285.97,286.93,287.68,287.34,286.88,287.03,287.37,287.11,286.93,287.67,288.75,288.79,286.35,288.7,290.74,294.1,285.85,285.99,286.59,288.19,288.36,289.71,290.71,292.02,294.51,294.97,297.73,297.27,297.69,294.39,294.92,295.46,299.41,296.3,294.24,295.92,292.73,292.93,295.25,293.77,290.93,289.4,285.26,289.23,287.5,286.97,282.08,286.96,296.52,297.22,295.94,294.78
288.4,288.02,288,287.59,286.81,285.66,285.07,283.95,283.78,283.6,283.13,283.36,283.71,284.27,285.03,284.06,283.44,282.1,284.46,285.95,286.64,287.58,288.4,287.6,287.61,287.24,286.81,287.39,288.22,288.09,288.28,288.28,286.65,287.24,293.22,294.57,295.29,288.91,287.24,289.19,290.09,290.55,292.46,295.15,296.13,297.69,300.13,301.43,299.99,299.85,296.16,295.91,296.4,297.59,299.38,299.11,299.9,301.48,293.28,296.25,296.61,292.8,289.51,287.98,287.91,287.89,288.79,291.42,297.21,296.52,296.13,294.9
