data/1500-temp.json
{"header": {"discipline":0,"disciplineName":"Meteorological products","gribEdition":2,"gribLength":61408,"center":7,"centerName":"US National Weather Service - NCEP(WMC)","subcenter":0,"refTime":"2014-03-10T12:00:00.000Z","significanceOfRT":1,"significanceOfRTName":"Start of forecast","productStatus":0,"productStatusName":"Operational products","productType":1,"productTypeName":"Forecast products","productDefinitionTemplate":0,"productDefinitionTemplateName":"Analysis/forecast at horizontal level/layer at a point in time","parameterCategory":0,"parameterCategoryName":"Temperature","parameterNumber":0,"parameterNumberName":"Temperature","parameterUnit":"K","genProcessType":2,"genProcessTypeName":"Forecast","forecastTime":18,"surface1Type":103,"surface1TypeName":"Specified height level above ground","surface1Value":2,"surface2Type":255,"surface2TypeName":"Missing","surface2Value":0,"gridDefinitionTemplate":0,"gridDefinitionTemplateName":"Latitude_Longitude","numberPoints":65160,"shape":6,"shapeName":"Earth spherical with radius of 6,371,229.0 m","gridUnits":"degrees","resolution":48,"winds":"true","scanMode":0,"nx":360,"ny":181,"basicAngle":0,"subDivisions":0,"lo1":0,"la1":90,"lo2":359,"la2":-90,"dx":1,"dy":1}, "data":
[rows 0 to 31 of 181, columns 72 to 143 of 360]
243.63,243.63,243.63,243.63,243.63,243.63,243.63,243.63,243.63,243.63,243.63,243.63,243.63,243.63,243.63,243.63,243.63,243.63,243.63,243.63,243.63,243.63,243.63,243.63,243.63,243.63,243.63,243.63,243.63,243.63,243.63,243.63,243.63,243.63,243.63,243.63,243.63,243.63,243.63,243.63,243.63,243.63,243.63,243.63,243.63,243.63,243.63,243.63,243.63,243.63,243.63,243.63,243.63,243.63,243.63,243.63,243.63,243.63,243.63,243.63,243.63,243.63,243.63,243.63,243.63,243.63,243.63,243.63,243.63,243.63,243.63,243.63
243.03,243.07,243.11,243.14,243.22,243.3,243.39,243.48,243.58,243.67,243.76,243.83,243.87,243.91,243.94,243.97,244.01,244.04,244.07,244.03,243.98,243.92,243.88,243.82,243.77,243.73,243.67,243.6,243.54,243.47,243.41,243.35,243.28,243.21,243.13,243.06,242.99,242.92,242.85,242.78,242.71,242.65,242.62,242.59,242.56,242.54,242.52,242.5,242.47,242.46,242.44,242.41,242.38,242.35,242.31,242.28,242.25,242.22,242.2,242.18,242.15,242.13,242.11,242.09,242.12,242.15,242.18,242.22,242.25,242.28,242.31,242.34
244.83,244.79,244.77,244.74,244.72,244.7,244.67,244.63,244.61,244.56,244.53,244.5,244.47,244.44,244.42,244.4,244.38,244.36,244.33,244.31,244.29,244.25,244.23,244.17,244.11,244.05,243.99,243.98,244.05,244.1,244.17,244.2,244.04,243.88,243.71,243.55,243.41,243.28,243.16,243.04,242.94,242.85,242.76,242.67,242.6,242.56,242.52,242.48,242.45,242.47,242.5,242.53,242.56,242.58,242.61,242.63,242.64,242.7,242.79,242.88,242.97,243.07,243.17,243.26,243.35,243.45,243.43,243.39,243.36,243.34,243.4,243.52
245.1,244.9,244.71,244.52,244.36,244.2,244.04,243.96,243.88,243.8,243.78,243.76,243.74,243.74,243.75,243.77,243.92,244.07,244.23,244.49,244.76,245.03,245.29,245.57,245.85,246.09,246.34,246.58,246.88,247.18,247.48,247.8,248.13,248.44,248.63,248.81,249,249.1,249.2,249.3,249.38,249.46,249.53,249.57,249.6,249.64,249.67,249.69,249.72,249.77,249.81,249.86,249.92,249.98,250.03,250.05,250.05,250.06,250.04,250.02,249.99,249.96,249.92,249.89,249.88,249.87,249.85,249.87,249.87,249.88,249.87,249.87
244.17,244.11,244.03,243.96,243.87,243.78,243.68,243.58,243.46,243.33,243.21,243.09,242.99,242.9,242.81,242.73,242.67,242.6,242.42,242.26,242.16,242.09,242.02,241.95,241.94,242.09,242.26,242.51,242.77,243.06,243.39,243.71,244.07,244.43,244.7,244.96,245.17,245.33,245.49,245.68,245.86,246.04,246.22,246.39,246.55,246.72,246.88,247.04,247.18,247.31,247.43,247.51,247.61,247.69,247.77,247.85,247.94,248.04,248.15,248.28,248.41,248.55,248.72,248.91,249.11,249.31,249.53,249.73,249.94,250.13,250.32,250.51
243.98,243.91,243.85,243.81,243.78,243.76,243.74,243.72,243.71,243.7,243.68,243.68,243.7,243.7,243.71,243.7,243.69,243.65,243.61,243.55,243.49,243.34,243.17,243,242.88,242.81,242.71,242.61,242.45,242.25,242.22,242.23,242.23,242.21,242.15,242.14,242.28,242.4,242.41,242.48,242.61,242.74,242.86,242.93,242.97,243.02,243.1,243.28,243.5,243.71,243.9,244.12,244.34,244.56,244.78,245.01,245.24,245.48,245.74,246,246.21,246.42,246.57,246.73,246.86,246.99,247.11,247.22,247.34,247.46,247.59,247.73
248.01,247.81,247.62,247.44,247.23,247,246.76,246.48,246.17,245.85,245.55,245.25,244.97,244.73,244.54,244.4,244.26,244.12,243.97,243.84,243.72,243.59,243.5,243.46,243.44,243.37,243.3,243.25,243.17,243.07,242.96,242.84,242.64,242.4,242.11,241.97,241.9,241.88,241.88,241.89,241.93,241.98,242.08,242.18,242.27,242.42,242.57,242.61,242.59,242.51,242.45,242.42,242.48,242.62,242.8,243.01,243.21,243.38,243.57,243.74,243.87,244.04,244.27,244.43,244.57,244.7,244.79,244.88,245.09,245.27,245.36,245.46
254.06,253.7,253.31,252.91,252.52,252.12,251.74,251.37,251,250.64,250.26,249.88,249.52,249.11,248.68,248.22,247.74,247.26,246.78,246.29,245.82,245.35,244.92,244.54,244.22,244.02,243.89,243.8,243.73,243.69,243.6,243.48,243.37,243.14,242.88,242.64,242.4,242.14,241.84,241.65,241.53,241.45,241.42,241.39,241.39,241.47,241.37,241.27,241.18,241.11,241.05,241,240.99,241.06,241.19,241.39,241.63,241.9,242.23,242.61,243.03,243.46,243.86,244.11,244.29,244.42,244.56,244.66,244.72,244.68,244.62,244.56
259.1,259.03,258.98,258.93,258.84,258.66,258.42,258.14,257.81,257.44,257.09,256.74,256.37,255.98,255.5,254.94,254.33,253.66,252.96,252.17,251.34,250.45,249.53,248.6,247.74,246.96,246.27,245.69,245.27,244.98,244.73,244.54,244.37,244.21,244.05,243.85,243.63,243.38,243.11,242.83,242.58,242.37,242.2,242.05,241.94,241.86,241.73,241.64,241.58,241.51,241.38,241.27,241.17,241.1,241.05,241.03,241.05,241.08,241.12,241.28,241.52,241.76,242.03,242.38,242.7,243.01,243.35,243.71,244.04,244.37,244.68,244.94
259.2,258.76,258.24,257.68,257.12,256.58,256.14,255.76,255.42,255.46,255.71,256.05,256.44,256.83,257.18,257.42,257.44,257.31,257.2,256.71,258.14,258.66,258.11,257.18,256.68,256.67,256.5,255.69,254.44,252.94,251.18,249.21,247.3,245.89,245.05,244.61,244.39,244.25,244.14,243.96,243.67,243.32,242.98,242.67,242.4,242.16,241.99,241.86,241.75,241.66,241.59,241.52,241.46,241.41,241.38,241.38,241.41,241.45,241.52,241.62,241.74,241.88,242.04,242.21,242.4,242.58,242.76,242.95,243.13,243.36,243.55,243.73
262.53,261.67,260.55,259.64,258.81,258.13,257.47,256.86,256.29,255.68,255.1,254.5,254.02,253.71,253.64,253.7,254.12,254.68,255.18,255.86,255.78,255.83,255.26,254.15,252.96,252.59,256.21,257.77,259.32,260.35,260.03,258.82,257.04,254.98,252.69,250.28,248.03,246.36,245.35,244.83,244.6,244.44,244.2,243.86,243.46,243.06,242.71,242.44,242.22,242.06,241.94,241.84,241.77,241.74,241.75,241.79,241.85,241.95,242.07,242.24,242.45,242.68,242.94,243.22,243.53,243.85,244.14,244.36,244.46,244.47,244.45,244.44
263.15,262.14,261.2,260.31,259.54,258.75,258.33,258.02,257.7,257.33,256.91,256.44,255.9,255.27,254.52,253.76,253.18,252.76,252.38,252.49,253.18,253.92,254.06,254.14,254.33,254.11,253.5,252.14,254.98,255.64,255.62,255.63,256.77,257.43,257.19,255.48,253.16,250.67,248.43,246.9,246.04,245.56,245.24,244.96,244.66,244.4,244.21,244.15,244.01,243.95,243.91,243.85,243.81,243.78,243.78,243.82,243.89,244,244.19,244.4,244.66,244.98,245.31,245.64,245.93,246.12,246.22,246.2,246.11,246.03,246.02,246.09
263.27,262.54,261.8,261.1,260.59,260.27,259.96,259.74,259.49,259.11,258.58,257.87,257.13,256.54,256.14,255.98,256.02,255.98,255.73,255.36,254.95,254.54,254.12,253.87,253.81,253.91,254.13,254.29,254.31,254.83,255.52,255.8,255.08,254.63,254.14,253.52,252.24,251.22,250.29,249.19,248.14,247.24,246.59,246.13,245.89,245.81,245.82,245.89,245.96,246.04,246.18,246.37,246.55,246.69,246.8,246.87,246.91,246.95,247,247.03,246.96,246.94,247.02,247.17,247.4,247.56,247.68,247.85,247.89,247.74,247.53,247.3
264.29,264.04,263.79,263.58,263.4,263.15,262.81,262.41,261.96,261.46,260.85,260.18,259.47,258.75,257.92,257.16,256.62,256.37,255.91,255.84,256.18,256.75,257.31,257.58,256.68,254.89,253.44,253.02,253.55,254.07,253.84,253.51,253.25,254.37,255.24,255.38,255.39,253.26,252.19,251.66,251.26,250.5,248.98,247.56,246.65,246.47,246.66,246.85,246.9,246.85,246.85,246.96,247.1,247.21,247.29,247.33,247.42,247.6,247.95,248.37,248.69,248.85,248.92,249.01,249.05,249.01,248.95,248.95,248.98,249.01,249.05,248.98
265,264.97,264.99,265.03,265.03,265,264.89,264.73,264.59,264.44,264.25,263.81,263.07,262.1,260.99,260.03,259.29,258.95,258.77,258.31,257.41,256.01,253.65,252.83,252.51,252.45,250.9,250.9,251.53,251.67,251.9,252.08,252.08,252.02,252.52,253.71,254.26,253.23,252.31,253.57,254.1,252.44,249.6,247.4,246.65,246.8,247.15,247.31,247.29,247.32,247.52,247.86,248.17,248.31,248.3,248.25,248.34,248.67,249.12,249.53,249.67,249.74,250.02,250.47,250.77,250.54,249.79,249.45,250.21,251.11,252.01,251.88
266.22,266.49,266.63,266.65,266.58,266.48,266.38,266.27,266.09,265.76,265.41,264.87,264.24,263.15,261.57,259.61,257.86,257,256.53,255.88,254.87,253.39,251.45,250.17,249.69,249,248.48,248.55,249.22,249,247.78,247.28,247.81,247.82,247.83,248.3,248.92,248.24,245.62,242.36,244.64,247.24,247.04,246.82,247.09,247.45,247.66,247.72,247.78,248.03,248.52,248.99,249.2,249.17,249.02,248.92,249.01,249.35,249.89,250.46,250.84,251.09,251.22,251.24,251.23,250.89,250.11,249.51,249.89,250.01,250.61,250.07
269.82,270.01,270.11,270.27,270.35,270.26,269.88,269.12,268.08,267.11,266.61,266.53,266.5,266.09,264.69,262.39,259.68,256.61,253.81,252.55,252.41,252.58,252.25,250.6,248.52,247.15,247.02,247.77,248.92,249.72,249.58,249.04,248.63,248.41,248.46,248.69,248.8,249.48,250.14,248.7,247.93,248.05,248.02,247.77,247.63,248.19,248.78,249.22,249.45,249.82,250.5,251.18,251.06,250.39,250,250.09,250.71,251.46,252.35,253.09,253.38,253.13,252.47,251.82,251.46,251.23,250.98,250.81,250.91,251.11,251.05,250.01
269,269.07,268.77,268.09,267.46,267.46,268.29,269.51,270.47,269.89,268.09,266.9,266.35,266.05,265.99,266.15,266.34,265.88,264.69,262.24,259.06,256.32,254.46,253.4,252.61,251.8,251.32,250.82,250.11,249.93,250.52,250.86,251.05,251.31,252.15,252.29,252.01,251.1,249.9,248.82,248.05,247.77,247.47,246.97,246.6,246.49,246.93,247.74,248.47,249.18,250.24,251.93,251.56,250.41,250.17,251.12,252.19,254.32,256.24,257.03,256.52,255.17,253.59,252.23,251.36,250.81,250.66,250.92,251.26,251.2,249.97,248.29
268.16,269.01,268.8,267.32,265.82,265.54,266.36,267.81,269.36,270.54,270.87,270.03,268.63,267.56,266.84,266.48,266.36,266.52,266.81,266.7,266.41,265.62,263.9,261.55,258.93,257.49,257.08,256.56,255.33,254.33,254.42,254.76,255,254.96,254.63,254.56,254.89,255.15,254.87,253.71,251.91,250.64,250.18,249.66,249.15,248.83,248.6,248.69,248.87,249.23,249.96,250.94,251.74,252.14,253.06,254.16,255.28,258.18,259.1,258.11,256.34,254.71,253.28,252.09,251.13,250.74,251.26,251.99,250.39,247.71,246.08,245.39
267.33,267.83,267.35,266.59,266.26,266.61,267.56,268.76,269.76,270.09,270.53,270.65,268.98,267.63,266.61,266,266.16,266.47,267.11,267.66,267.81,267.43,266.8,265.7,263.89,261.98,261.11,260.64,259.79,258.17,256.13,254.75,253.93,253.93,254.74,255.52,255.91,256.61,257.12,256.78,254.96,252.52,251.47,251.12,250.67,249.96,249.46,249.7,250.27,250.29,249.97,249.65,250.22,252.71,254.15,255.27,255.59,257.49,259.32,257.84,254.14,251.48,250.62,250.2,249.4,248.49,248.34,247.4,247.54,248.54,247.91,246.76
267.31,266.73,265.6,265.69,267.3,268.77,269.65,269.93,269.77,270.24,270.72,270.13,268.58,267.09,266.48,266.11,266.22,264.11,263.24,262.97,261.66,260.85,260.57,261.31,262.2,261.64,260.06,259.17,258.43,257.62,255.65,254.83,255.21,255.95,256.47,256.72,255.84,254.71,255.94,256.63,256.12,254.94,253.62,252.6,251.42,250.46,250.12,250.45,250.33,249.87,250.2,251.51,253.11,255.18,257.1,257.6,258.04,258.1,258.3,256.78,253.19,250.76,249.69,251.28,252.62,253.33,254.36,254.11,253.43,252.69,250.82,249.67
265.46,266.29,267.12,269.07,269.91,269.74,269.38,269.59,270.14,270.61,270.48,269.53,267.96,266.78,266.78,266.27,263.95,264.49,263.04,261.9,259.6,256.71,257.26,256.27,256.4,257.17,256.47,258.33,259.92,258.92,258.03,257.92,258.38,258.56,258.28,257.53,256.56,255.91,255.45,254.95,254.07,253.1,253.11,253.01,252.45,251.66,251.47,251.04,250.9,251.22,252.07,253.24,254.75,256.31,257.79,258.2,256.68,256.5,259.13,257.58,253.61,251.11,251.93,252.14,253.21,254.93,254.64,253.82,255.21,252.15,253.06,251.02
268.28,268.66,268.79,268.19,267.83,268.68,269.9,270.52,270.9,271.14,270.49,269.53,268.21,266.75,266.66,267.02,267.42,266.08,263.34,262.09,262.18,260.81,259.35,258.91,258.85,258.69,258.88,259.57,259.15,259.89,259.91,259.9,259.77,259.94,259.32,258.71,258.25,257.76,256.96,256.09,255.64,254.91,254.93,254.9,254.35,253.49,252.48,252.05,252.21,252.42,252.95,253.94,255.29,256.75,258.38,258.33,257.42,257.08,259.61,259.25,256.13,253.14,253.32,254.24,253.09,254.96,255.55,257.79,255.22,253.46,253.78,251.99
268.63,267.74,267.76,267.77,268.7,270.16,270.99,271.08,271.86,272.11,271.26,269.91,268.8,267.45,266.74,267.14,266.56,265.93,264.65,264.14,262.91,262.79,262.29,261.59,261.93,260.46,260.67,260.87,261.57,261.67,260.4,260.44,259.95,259.48,258.84,258.77,258.58,258.79,258.8,257.45,256.66,255.91,254.68,254.43,254.21,253.7,253.03,252.51,252.15,252.1,252.7,254.13,255.82,257.13,258.83,258.72,257.27,257.73,260.61,261.15,261.2,259.28,259.11,259.56,258.34,257.85,258.49,255.53,255.69,252.34,256.07,258.84
266.97,267.57,267.89,268.21,269.27,270.98,271.45,271.63,272.15,272.32,271.77,270.83,269.7,268.35,267.13,266.94,267.26,266.01,264.69,264.72,264.39,263.45,262.36,262.9,262.42,262.39,262.26,262.32,261.71,261.54,261.3,261.17,261.42,260,257.77,256.35,256.15,256.1,256.68,255.9,255.35,254.98,254.74,254.77,254.34,254.25,253.99,254.12,254.18,254.18,254.47,255.44,256.38,256.9,258.07,258.42,257.77,257.52,259.4,261.92,260.99,259.96,258.7,258.37,257.79,258.35,257.94,257.08,256.99,259.36,258.65,259.55
269.4,269.14,268.94,269.17,270.27,271.72,272.25,272.37,272.59,272.55,272.13,271.19,270.03,268.74,267.84,267.64,267.74,266.2,265.18,264.91,264.24,264.31,264.35,263.48,263.88,263,263.3,263.4,263.04,263.28,263.5,262.16,260.35,259.82,259.6,259.8,259.01,257.64,255.88,255.03,254.85,254.17,254.69,255.03,255.54,255.83,255.82,256.38,256.71,256.24,256.04,257,257.13,256.69,257.32,259.3,259.86,259.22,259.12,260.72,261.29,260.99,258.79,260.61,259.9,257.77,256.81,254.91,253.36,256.13,257.08,258.35
272.23,271.67,271.09,271.17,271.56,272.05,272.48,272.69,272.85,272.68,271.97,270.49,269.43,268.54,267.49,267.36,267.1,265.92,265.43,265.32,265.23,266.09,266.01,265.72,265.51,265.08,265.37,264.01,264.1,263.82,263.46,263.24,262.09,261.3,260.98,260.46,259.62,259.14,258.2,257.27,256.63,255.91,255.5,256.04,256.97,257.75,257.88,258.43,258.94,258.91,258.49,259.01,259.75,258.44,257.16,257.48,257.86,258.35,258.81,258.93,260.16,259.93,260.59,260.31,260.87,258.94,258.88,256.27,253.74,253.71,256.51,254.69
271.5,271.79,272.04,272.28,272.38,272.49,272.66,272.52,272.4,271.96,270.9,269.35,268.11,267.37,266.8,266.73,266.6,265.81,265.48,265.21,264.79,264.5,265.23,266.3,266.84,266.25,265.5,265.51,264.93,263.78,263.26,263.65,263.68,263.69,263.25,262.49,261.27,260.01,259.31,258.92,258.36,258.43,258.22,258.52,258.72,258.97,259.05,259,259.9,260.96,261.48,261.84,262.64,262.39,260.57,258.16,256.95,256.32,256.39,256.41,256.71,256.69,256.58,256.8,256.85,257.35,260.81,261.31,254.21,252.31,251.21,253.69
271.13,270.93,271.2,271.82,272.47,272.81,272.91,273.01,273.04,272.53,270.54,268.32,267.19,266.37,265.93,265.16,265.31,265.77,265.4,266.34,266.54,265.72,266.05,265.31,264.54,265.03,265.62,265.39,265.33,264.73,264.38,264.19,263.73,264.07,263.43,262.88,262.52,261.77,261.59,261.61,261.19,260.86,260.15,259.55,260.26,261.13,261.43,261.21,261.21,261.45,262.31,263.61,264.3,263.43,261.55,260.34,259.16,257.85,257.82,257.98,258.48,258.55,258.17,257.22,257.56,258.57,260.79,262.69,261.29,260.07,258.13,257.41
272.03,271.95,272.06,272.55,273.06,273.15,273.11,273.09,273.17,272.53,270.34,268.15,266.94,265.92,265.47,265.34,265.51,265.67,265.42,265.44,266.76,267.71,267.62,266.82,266.13,265.84,265.26,265.22,265.1,265.12,264.91,264.71,264.5,264.68,264.82,264.58,264.02,263.49,263.11,262.12,261.45,261.52,262.24,262.68,262.73,263.07,262.95,263.18,263.36,264.06,263.84,264.92,264.74,263.35,262.2,261.93,261.43,260.4,259.79,259.32,259.45,258.82,258.1,258.13,259.26,260.43,263.46,263.16,263.34,264.16,263.33,261.89
272.8,272.97,273.17,273.31,273.26,273.19,273.2,273.25,273.17,272.62,270.6,268.42,267.3,266.78,266.09,265.71,265.74,265.62,265.39,264.49,264.48,264.11,264.1,265.02,265.72,266.12,266.16,266.1,266.23,266.45,266.2,266.19,265.9,265.87,265.99,265.84,265.27,264.29,263.99,263.38,263.17,263.32,264.01,263.72,263.23,265.04,264.55,264.13,265.02,265.42,265.22,265.56,264.47,262.67,262.36,262.36,262.22,261.1,259.91,259.24,258.82,258.66,258.22,257.47,258.52,259.74,263.34,263.9,263.07,264.58,265.19,264.3
273.3,273.32,273.46,273.41,273.26,273.19,273.24,273.28,273.17,272.97,271.36,269.05,267.5,266.94,266.79,266.6,266.2,265.47,265.13,265.7,265.85,265.14,264.81,265.76,266.05,266.65,266.77,267.25,266.77,267.49,267.11,266.5,266.14,265.55,265.11,265.27,265.08,264.69,264.49,264.61,264.94,263.65,261.15,259.04,260.13,262.55,264.73,265.34,265.43,266.31,267.05,265.14,263.63,263.2,263.7,263.24,262.19,260.53,259.67,260.34,260.89,260.8,261.51,261.19,261.59,261.97,263.08,263.11,264.36,267.49,267.3,266.58
