data/1500-temp.json
{"header": {"discipline":0,"disciplineName":"Meteorological products","gribEdition":2,"gribLength":61408,"center":7,"centerName":"US National Weather Service - NCEP(WMC)","subcenter":0,"refTime":"2014-03-10T12:00:00.000Z","significanceOfRT":1,"significanceOfRTName":"Start of forecast","productStatus":0,"productStatusName":"Operational products","productType":1,"productTypeName":"Forecast products","productDefinitionTemplate":0,"productDefinitionTemplateName":"Analysis/forecast at horizontal level/layer at a point in time","parameterCategory":0,"parameterCategoryName":"Temperature","parameterNumber":0,"parameterNumberName":"Temperature","parameterUnit":"K","genProcessType":2,"genProcessTypeName":"Forecast","forecastTime":18,"surface1Type":103,"surface1TypeName":"Specified height level above ground","surface1Value":2,"surface2Type":255,"surface2TypeName":"Missing","surface2Value":0,"gridDefinitionTemplate":0,"gridDefinitionTemplateName":"Latitude_Longitude","numberPoints":65160,"shape":6,"shapeName":"Earth spherical with radius of 6,371,229.0 m","gridUnits":"degrees","resolution":48,"winds":"true","scanMode":0,"nx":360,"ny":181,"basicAngle":0,"subDivisions":0,"lo1":0,"la1":90,"lo2":359,"la2":-90,"dx":1,"dy":1}, "data":
[rows 64 to 95 of 181, columns 0 to 71 of 360]
288.26,288.9,288.95,288.37,288.42,284.53,282.66,282.55,281.71,282.09,283.58,285.01,283.51,284.58,285.24,285.6,284.88,284.28,285.86,286.94,287.48,287.74,287.6,286.5,286.85,286.96,286.92,286.91,287.6,287.78,287.51,287.86,288.11,288.84,290.23,295.01,295.59,294.98,292.26,291.78,290.04,292.42,294.07,295.96,297.54,298.23,300.03,301.07,300.82,300.4,298.97,298,296.46,296.92,297.55,297.68,296.71,298.3,301.06,300.87,298.24,297.56,297.42,295.57,293.88,295.43,295.74,295.68,296.39,298.08,298.04,297.05
289.9,290.79,290.38,289.08,286.65,282.61,282.95,283.53,279.86,279.46,281.65,284.22,282.92,283.68,284.35,284.2,284.6,286.09,286.13,286.32,286.06,286.73,286.1,285.62,286.67,286.53,286.2,286.47,287.39,287.89,289,288.12,286.84,289.39,289.24,294.39,296.05,295.96,290.81,293.9,293.28,294.38,295.4,295.62,297.2,298.57,297.96,299.45,299.82,299.75,300.25,299.73,296.42,296.63,297.06,297.7,300.02,297.1,297.61,297.58,297.17,297.42,297,295.61,296.07,296.56,296.36,299.5,299.77,300.69,300.74,301.61
292.91,292.4,290.78,289.98,288.38,286.22,285.16,283.29,279.5,285.25,283.43,283.45,282.76,283.86,284.07,285.18,285.04,286.3,286.16,284.88,282.95,283.64,284.28,285.46,285.87,285.09,283.75,285.6,287.37,288.58,289.09,288.95,287.99,289.29,290.07,290.32,295.95,296.4,298.18,294.98,294.49,296.05,295.69,294.46,294.95,296.27,297.99,299.43,299.76,299.69,300.8,301.29,297.9,301.65,302.37,303.17,300.72,299.49,298.61,298.17,297.23,297.29,297.15,296.71,296.61,296.84,296.7,297.19,298.15,298.03,297.57,298.5
294.66,293.33,292.15,290.36,289.8,288.52,282.63,282.47,281.61,284.2,284.95,284.34,283.54,283.26,283.5,285.02,284.61,285.32,285,281.44,283.05,283.62,284.75,285.65,286.47,285.51,284.59,287.31,288.58,289.32,289.54,289.93,289.29,291.13,288.84,292.65,296.14,296.99,297.45,299.28,293.02,294.95,296.6,295.8,295.77,296.78,298.2,298.05,299.45,300.83,301.82,302.4,303.34,303.2,303.64,303.51,301.32,297.04,295.97,298.2,297.73,297.33,297.31,297.26,297.22,297.45,297.5,297.33,296.85,299.85,302.59,302.61
295.98,294.88,292.86,291.53,290.18,288.29,284.75,284.81,283.36,285.41,286.21,285.72,283.8,283.55,286.08,286.31,284.03,283.8,283.54,280.85,285.24,285.09,285.15,285.05,287.12,286.7,286.83,287.44,288.44,289.2,289.13,289.75,289.22,290.21,291.33,292.79,292.73,297.3,297.76,299.16,296,295.35,296.37,298.3,296.85,296.79,297.26,298.78,300.28,300.78,301.32,301.45,301.51,301.62,301.26,301.14,301.08,300.25,299.31,299.66,298.06,297.4,297.35,297.22,297.28,297.45,297.54,297.44,297.3,297.46,304.38,303.8
295.07,293.54,293.15,291.4,289.6,288,288.15,285.78,287.63,286.31,285.08,286.34,286.52,287.17,287.27,286.84,287.15,281.11,282.39,284.11,285.52,285.37,285.7,285.98,287.85,288.5,287.85,287.85,288.61,289.32,290.28,290.53,289.84,291.11,292.56,292.88,293.75,296.3,298.11,298.58,298.76,293.32,295.06,296.99,296.43,297.23,297.55,299.2,300.51,301.06,301.1,301.35,301.32,301.24,299.72,299.61,300.27,300.46,300.68,298.24,297.28,297.47,297.42,297.42,297.45,297.56,297.76,298,297.92,297.43,300.5,304.81
292.86,292.16,290.87,289.99,288.37,288.76,288.89,288.35,289.01,284.38,285.27,286.5,286.21,287.89,286.81,286.69,286.97,288.33,288.03,285.88,285.28,285.16,287.27,288.31,288.19,288.29,288.35,288.38,289.94,290.78,291.65,292.23,292.15,292.89,295.03,295.74,295.57,296.29,298.34,298.75,299.93,301.38,294.1,296.02,297.34,297.49,298.02,298.84,298.96,299.62,300.31,301.77,302,301.26,300.39,299.99,299.41,299.73,297.48,297.5,297.39,297.52,297.54,297.51,297.61,297.85,298.12,298.33,298.49,298.51,298.33,298.33
292.1,292.13,291.49,289.8,290.99,291.01,290.66,289.27,290.38,284.61,285.86,287.69,288.41,287.93,287.16,287.58,288.92,289,287.92,286.92,286.24,288.9,289.09,288.85,287.93,289.86,289.94,289.12,290.11,291.28,292.46,293.29,293.96,293.87,297.06,298.8,295.92,293.99,298.49,299.17,300.16,301.16,296.92,296,295.95,296.95,297.51,298.57,298.78,299.6,299.88,300.99,301.39,300.15,299.77,300.31,299.86,299.42,297.54,297.51,297.55,297.58,297.63,297.66,297.75,297.95,298.21,298.51,298.73,298.69,298.65,298.59
293.43,293.37,292.46,292.05,292.19,291.73,290.53,289.19,289.14,284.61,287.88,288.78,288.11,286.94,287.07,288.14,289.17,289.31,288.75,288.84,290.19,291.19,292.26,291.77,289.83,291,290.71,290.03,290.81,291.55,292.81,294.64,294.89,294.57,297.4,300.9,298.07,295.14,296.56,299.28,300.02,300.14,301.31,293.08,295.68,297.4,298.32,299.11,299.07,299.72,300.9,300.08,299.52,299.63,299.79,299.57,297.48,297.51,297.72,297.66,297.64,297.76,297.73,297.71,297.76,297.97,298.26,298.55,298.65,298.78,298.85,298.72
294.58,294.92,292.92,291.66,291.51,290.81,290.01,289.24,290.35,288.66,288.13,287.84,287.19,287.37,287.61,288.82,290.74,290.5,290.15,291.15,292.19,294.24,292.7,289.53,290.65,291.24,290.81,290.93,291.66,292.39,293.25,293.59,295.57,297.02,298.26,301.25,299.67,297.79,298.75,299.64,299.88,299.79,299.5,301.81,294.89,298.93,297.82,298.43,298.61,298.37,296.94,294.21,294.5,295.06,296.75,297.36,297.49,297.69,297.77,297.71,297.65,297.74,297.77,297.77,297.79,297.95,298.2,298.44,298.67,298.89,298.96,298.95
295.32,294.89,294.06,293.1,292.69,292.19,291.03,290.63,289.93,288.89,288.55,288.3,288.16,288.96,289.04,291.41,291.12,290.63,291.72,292.37,292.83,295.45,293.76,291.35,290.61,291.17,289.25,290.48,291.83,292.99,293.92,294.55,297.31,298.25,298.95,302.07,301.48,302.24,299.15,298.77,299.83,299.39,299.13,301.37,292.76,299.46,296.42,297.24,296.19,295.94,296.83,293.69,296.27,297.04,297.85,297.88,297.72,297.72,297.83,297.66,297.76,297.83,297.72,297.67,297.72,297.94,298.2,298.48,298.75,298.95,299.16,299.46
296.37,295.68,294.24,294.2,295.38,294.59,291.6,290.56,290.05,289.58,288.73,288.75,289.85,290.45,290.84,291.13,290.98,293.06,292.12,292.19,294.2,295.23,291.66,292.83,291.38,291.63,291.78,292.63,292.71,294.45,295.56,297.53,298.78,300.79,301.67,302.68,305.52,302.25,300.8,293.09,303.26,300.64,298.9,301.33,294.26,296.85,298.26,295.67,293.34,293.02,296.08,297.64,297.42,297.74,297.69,297.72,297.81,297.67,297.81,297.67,297.69,297.74,297.75,297.55,297.65,297.85,298.17,298.54,298.85,299.22,299.6,299.85
297.54,295.61,295.11,295.74,294.53,293.72,291.46,291.27,290.84,290.81,290.76,290.64,291.17,294,295.84,291.76,293.06,293.69,292.65,293.33,295.55,295.91,294.23,294.11,295.61,295.8,295.39,295.16,295.58,296.69,297.66,300.22,300.98,302.18,303.43,305.1,305.79,301.02,298.85,295.16,298.77,301.53,299.84,299.55,295.58,292.3,291.99,294.39,297.67,297.49,298.11,297.8,297.63,297.78,297.86,297.71,297.59,297.64,297.76,297.66,297.74,297.84,297.95,297.99,298.17,298.46,298.81,299.12,299.33,299.64,299.96,300.17
294.76,294.08,294.11,293.91,292.76,291.51,291.87,291.37,289.85,290.35,291.99,291.32,293.63,295.31,299.62,297.42,293.2,293.72,293.93,295.19,296.75,297.42,296.01,297.34,296.9,297.37,297.46,298.18,297.91,298.33,299.4,300.74,301.18,303.45,304.44,303.89,302.39,302.12,290.23,297.85,297.56,301.96,298.04,298.55,297.53,298.97,297.9,297.89,297.96,297.9,297.91,298.26,298.26,297.88,298.07,297.79,297.78,297.75,297.65,297.66,297.79,297.95,298.15,298.37,298.65,298.97,299.24,299.53,299.84,300,300.2,300.45
294.76,294.32,293.08,292.02,293.54,292.51,292.94,290.88,289.91,289.61,292.1,292.4,291.58,294.25,295.82,293.99,293.83,295.02,295.94,295.57,297.44,298.57,298.43,301.37,299.08,299.81,300.69,300.68,301.05,300.98,299.59,299.51,303.13,302,301.38,302.53,301.4,291.57,291.92,291.35,298.41,297.68,296.75,295.97,298,298.07,297.99,298.1,298.23,298.2,298.67,298.85,298.22,298.07,298.35,298.06,298,297.97,298.07,298.15,298.25,298.39,298.61,298.82,299.15,299.5,299.7,299.88,300.08,300.3,300.45,300.72
295.95,293.67,292.2,292.35,292.54,294.27,293.19,292.16,290.63,288.4,290.31,293.75,291.48,292.97,292.96,293.39,295.06,297.45,296.93,297.4,298.39,299.86,300.5,301.05,301.21,301.43,301.18,301.6,301.34,300.09,299.23,298.69,299.41,300.67,299.2,302.26,302.19,289.67,292.23,288.44,295.81,297.12,297.26,295.33,298.2,298,298.41,299.33,296.3,298.09,294.09,297.91,298.33,298.28,298.31,298.31,298.32,298.34,298.52,298.67,298.85,299.04,299.23,299.38,299.59,299.76,299.96,300.16,300.32,300.45,300.66,300.95
300,295.34,295.42,296.66,296.86,297.67,295.71,296.23,294.98,291.61,293.58,294.33,293.57,293.96,296.23,295.85,297.17,298.44,299.1,299.54,300.38,301.3,300.37,299.78,299.95,300.21,299.35,297.95,300.43,298.95,297.78,298.1,297.88,298.41,299.58,297.66,299.74,294.82,296.2,296.28,296.62,298.91,300.3,296.4,295.94,295.17,297.14,295.85,295.1,295.26,295.85,297.98,298.5,298.52,298.53,298.56,298.66,298.79,298.93,299.1,299.29,299.47,299.66,299.87,300.05,300.25,300.43,300.54,300.61,300.76,300.96,301.28
300.16,295.66,298.11,297.27,296.96,298.89,300.73,299.26,298.16,295.79,298.66,297.16,294.61,297.32,297.65,295.49,297.84,299.1,299.23,300.44,300.37,298.44,298.27,296.41,295.96,294.96,297.37,297.39,298.17,297.98,299.26,298.12,296.54,296.42,298.06,295.09,296.25,293.39,289.73,290.37,300.04,293.74,295.23,295.53,295.02,296.92,296.6,297.86,297.72,297.26,298.46,298.67,298.77,298.9,299.03,299.32,299.28,299.44,299.68,299.73,299.91,300.08,300.13,300.05,300.22,300.52,300.8,300.96,301.04,301.15,301.29,301.4
300.2,297.04,299.02,298.11,296.96,295.93,296.4,298.66,299.66,300.1,300.11,296,293.96,296.06,293.49,295.41,297.09,298.88,298.41,298.35,297.67,297.26,297.07,295.68,293.41,291.77,295.19,296.64,297.33,300.37,298.94,298.83,298.89,299.74,299.81,295.38,291,292.53,289.89,294.34,291.46,296.65,300.91,298.92,295.7,297.11,298.11,297.75,297.47,298.26,299.74,299.31,299.27,299.3,299.47,299.86,300.03,300.05,300.19,300.27,300.46,300.38,300.34,300.72,300.86,300.88,301.06,301.15,301.25,301.33,301.36,301.44
299.73,297.96,298.51,298.84,298.29,297.7,298.65,298.5,298.83,297.84,296.58,291.4,290.47,292.44,290.85,291.66,294.47,296.03,295.89,297.09,297.27,297.52,296.97,296.17,296.76,296.45,295.56,296.99,298.84,300.34,301.01,301.33,301.49,302.02,302.03,300.32,295.67,295.78,292.7,288.02,285.91,298.2,302.12,299.62,297.76,297.7,298.47,299.74,300.67,301.87,299.63,299.74,299.82,299.92,299.91,300.19,300.32,300.41,300.41,300.65,300.68,301.1,301.07,300.99,300.94,301.13,301.24,301.25,301.39,301.53,301.52,301.55
298.47,299.99,301.2,301.46,301.76,299.9,297.75,297.18,297.55,296,289.03,292.2,292.8,293.81,293.95,293.72,293.51,295.78,295.53,296.36,296.38,297.21,296.5,296.38,296.71,297.19,297.07,296.53,297.87,299.21,299.9,300.78,301.1,302.87,303.52,298.49,303.02,295.42,295.97,292.92,297.3,301.65,299.6,302.06,299.87,299.56,299.68,301.09,301.62,300.51,300.13,300.26,300.25,300.24,300.29,300.34,300.39,300.55,300.89,300.96,300.91,301.22,301.21,301.24,301.28,301.45,301.32,301.35,301.53,301.52,301.65,301.53
301.04,300.99,301.12,301.31,301.5,301.42,297.36,296.03,296.99,292.27,292.44,293.65,294.53,294.46,294.15,294.38,294.32,294.27,295.35,296.56,296.64,295.33,295.36,295.72,296.17,296.46,296.4,295.74,297.5,297.82,298.35,300.09,302.42,303.42,304.28,304.21,304.04,299.24,295.25,297.5,299.42,298.77,302.94,301.3,300.3,301.13,301.15,302.84,302.22,300.17,300.37,300.39,300.35,300.36,300.43,300.56,300.82,300.93,300.92,301.33,301.35,301.4,301.44,301.42,301.51,301.51,301.57,301.64,301.51,301.56,301.42,301.44
301.05,301.03,301.12,301.13,301.32,301.21,301.15,301.45,301.51,297.95,297.44,294.01,292.97,293.58,293.05,293.57,294.35,294.45,294.64,295.43,295.78,294.79,295.24,295.21,295.34,295.35,295.04,295.18,295.07,295.76,297.37,298.14,298.81,296.63,298.7,304.23,301.87,301.82,299.27,296.74,299.11,301.25,303.04,302.22,299.89,300.14,301.59,302.94,300.43,300.64,300.58,300.52,300.48,300.47,300.66,300.9,301.29,301.1,301.3,301.5,301.47,301.62,301.76,301.68,301.67,301.74,301.76,301.55,301.53,301.61,301.43,301.67
301.03,300.83,300.89,300.9,301.17,301.23,301.32,301.15,301.26,301.05,299.12,292.56,292.07,292.83,292.82,292.82,294.02,294.56,295.12,295.02,294.87,295.74,294.58,294.85,295.46,295.31,294.67,294.98,294.71,295.47,295.54,297.49,298.06,299.79,299.07,300.44,304.91,302.98,301.95,300.98,300.29,300.66,300.19,301.04,301.61,301.78,302.51,300.57,300.65,300.61,300.57,300.44,300.6,300.85,301.09,301.2,301.2,301.19,301.39,301.37,301.28,301.45,301.65,301.92,301.93,301.87,301.69,301.68,301.78,301.87,301.84,301.88
300.83,300.65,300.46,300.88,301.2,301.15,301.1,301.13,301.08,300.85,294.41,293.78,292.98,293.05,293.25,293.9,294.45,294.61,295.49,294.88,295.01,295.12,295.21,294.76,294.94,295.35,295.57,295.66,294.15,293.54,292.94,296.09,296.41,296.62,298.27,295.92,301.58,296.87,301.04,302.13,301.65,301.37,301.32,301.44,302.67,302.68,300.63,300.65,300.71,300.78,300.52,300.63,300.82,300.9,300.97,301.05,301.13,301.32,301.42,301.5,301.47,301.52,301.88,302.09,301.98,301.88,301.82,301.84,301.84,301.76,301.82,301.89
300.66,300.28,300.5,300.83,301,300.95,300.93,300.9,301.03,300.83,294.77,293.65,294.92,294.7,293.2,293.65,294.49,294.42,294.54,295.41,295.24,294.44,295.14,295.54,295.62,295.42,296.18,294.79,294.11,293.17,295.46,293.46,296.31,295.54,298.45,292.95,298.84,294.56,300.61,302.47,301.75,302.05,301.21,302.3,301.32,300.55,300.65,300.71,300.73,300.76,300.79,300.74,300.84,300.97,301.13,301.24,301.33,301.36,301.31,301.6,301.68,301.62,301.96,302.04,302,301.86,301.86,301.82,301.86,301.75,301.55,301.66
300.58,300.59,300.9,300.33,300.53,300.72,300.91,300.93,301.1,300.94,295.77,295.38,295.58,293.92,292.41,293.45,294.51,294.84,295.54,295.58,295.37,295.28,295.4,295.73,295.44,295.15,296.11,294.5,294.89,291.87,294.96,294.47,294.63,294.55,294.57,296.22,294.07,292.08,299.28,301.09,301.15,301.72,302.36,301.31,300.54,300.69,300.87,300.9,300.87,300.88,300.91,300.9,300.72,300.92,301.06,301.16,301.05,300.98,301,301.33,301.52,301.46,301.89,301.83,302.01,301.94,301.86,301.83,301.75,301.74,301.54,301.52
300.44,300.51,300.72,300.6,300.46,300.78,300.96,300.99,301.08,298.29,296.44,294.79,293.25,294.34,293.57,293.71,294.34,295.54,295.59,294.98,295.04,295.05,295.24,295.21,295.61,296.06,295.2,293.72,294.03,290.53,290.84,293.96,294.88,294.07,294.07,291.09,289.71,293.54,295.91,300.38,301.07,301.13,301.38,300.42,300.64,300.75,300.84,300.98,301.06,301.18,301.13,300.95,300.84,300.98,301.31,300.98,301.08,300.99,301.12,301.22,301.36,301.51,301.66,301.71,301.77,301.85,301.87,301.82,301.79,301.73,301.66,301.66
300.29,300.32,300.5,300.46,300.09,300.23,300.56,300.75,300.92,300.34,295.64,295.55,292.13,292.39,293.21,293.84,295.01,293.52,294.29,294.62,294.4,295.32,294.9,294.66,295.09,294.92,295.07,294.07,293.14,290.47,293.23,293.8,294.56,293.72,294.58,292.63,296.38,292.39,297.62,300.07,300.72,301.84,300.4,300.5,300.7,300.91,301.02,301.15,301.22,301.21,301.18,301.03,301.05,300.94,301.33,300.86,300.8,300.88,301.17,301.2,301.04,301.31,301.38,301.56,301.64,301.75,301.83,301.82,301.81,301.8,301.71,301.75
300.23,300.18,300.34,300.34,300.23,300.11,300.04,300.47,301.18,301.21,298.25,293.48,292.87,293.36,293.62,294.4,294.78,295.14,295.14,295.39,295.1,295.26,293.92,294.06,294.02,294.3,294.99,294.26,293.57,291.52,291.81,293.56,294.41,294.51,293.13,292,293.46,292.47,298.72,299.68,301.57,300.23,300.44,300.61,300.74,300.9,301.01,301.13,301.24,301.27,301.31,301.3,301.23,301.22,301.35,301.2,300.86,300.84,300.93,301.27,301.13,300.84,301.31,301.45,301.51,301.61,301.75,301.77,301.75,301.78,301.68,301.72
300.21,300.33,300.34,300.2,300.3,300.36,300.32,300.3,300.65,300.76,300.59,299.47,294.61,294.94,295.12,294.85,295.05,294.91,295.47,294.72,294.78,295.44,294.9,294.54,295.43,295.57,295.51,293.38,292.69,293.83,292.28,292.91,294.73,294.1,295.41,294.46,294.83,293.26,296.66,299.18,300.39,300.32,300.42,300.59,300.81,300.95,301.13,301.2,301.13,301.29,301.42,301.2,301.07,301.04,301.2,300.9,300.76,300.59,300.69,301.05,301.11,300.78,300.83,301.21,301.33,301.5,301.54,301.79,301.61,301.55,301.56,301.6
300.38,300.42,300.38,300.15,300.12,300.25,300.38,300.25,300.58,300.68,300.84,301.21,298.42,294.52,295.59,294.19,293.58,294.03,294.36,294.26,294.72,294.79,295.5,294.97,295.35,295.95,295.39,295.18,293.55,292.47,295.13,294.32,293.6,293.15,294.53,292.55,291.88,294.37,300.52,303.54,300.51,300.4,300.52,300.66,300.88,301.01,301.17,301.14,301.07,301.14,301.13,301.08,301.02,300.97,300.83,300.71,300.78,300.76,300.69,300.66,300.95,301,300.84,300.98,301.18,301.57,301.7,301.71,301.55,301.36,301.39,301.33
