data/1500-temp.json
{"header": {"discipline":0,"disciplineName":"Meteorological products","gribEdition":2,"gribLength":61408,"center":7,"centerName":"US National Weather Service - NCEP(WMC)","subcenter":0,"refTime":"2014-03-10T12:00:00.000Z","significanceOfRT":1,"significanceOfRTName":"Start of forecast","productStatus":0,"productStatusName":"Operational products","productType":1,"productTypeName":"Forecast products","productDefinitionTemplate":0,"productDefinitionTemplateName":"Analysis/forecast at horizontal level/layer at a point in time","parameterCategory":0,"parameterCategoryName":"Temperature","parameterNumber":0,"parameterNumberName":"Temperature","parameterUnit":"K","genProcessType":2,"genProcessTypeName":"Forecast","forecastTime":18,"surface1Type":103,"surface1TypeName":"Specified height level above ground","surface1Value":2,"surface2Type":255,"surface2TypeName":"Missing","surface2Value":0,"gridDefinitionTemplate":0,"gridDefinitionTemplateName":"Latitude_Longitude","numberPoints":65160,"shape":6,"shapeName":"Earth spherical with radius of 6,371,229.0 m","gridUnits":"degrees","resolution":48,"winds":"true","scanMode":0,"nx":360,"ny":181,"basicAngle":0,"subDivisions":0,"lo1":0,"la1":90,"lo2":359,"la2":-90,"dx":1,"dy":1}, "data":
[rows 96 to 127 of 181, columns 72 to 143 of 360]
300.71,301.27,301.67,301.57,301.74,301.83,301.75,301.71,301.81,301.67,301.82,301.82,301.56,301.44,301.26,301.14,301.21,301.42,301.64,301.57,301.65,301.59,301.57,301.52,301.52,301.47,301.53,301.52,301.58,301.52,301.62,301.32,301.56,302.09,302.71,301.34,301.09,300.69,300.96,301.56,301.18,301.04,301.43,301.27,301.11,301.28,301.31,301.31,302.09,301.05,300.7,301.19,301.09,301.18,301.37,301.47,301.54,301.41,301.67,301.5,301.4,301.65,301.75,303.35,302.69,302.71,301.95,306.98,306.5,308.62,308.78,293.12
301.44,301.42,301.9,301.79,301.85,301.98,301.82,301.81,301.91,301.9,301.63,301.48,301.29,301.34,301.27,301.32,301.36,301.34,301.6,301.71,301.72,301.53,301.64,301.42,301.93,301.94,301.87,301.63,301.56,301.48,301.37,301.3,301.26,301.24,302.07,300.04,298.78,302.27,300.04,304.58,303.28,304.54,302.5,301.11,301.05,301.17,301.31,301.45,301.31,301.18,301.35,301.34,301.29,301.32,301.03,301.45,301.61,301.57,301.67,301.47,301.55,301.38,301.19,302.09,302.36,302.28,302.07,305.11,307.06,307.99,306.85,305.61
301.49,301.8,301.96,301.85,301.79,301.83,301.89,302,302.13,301.78,301.55,301.45,301.36,301.25,301.17,301.19,301.66,301.88,301.99,301.63,301.87,301.81,301.64,301.66,301.92,302.04,301.85,301.62,301.54,301.43,301.29,301.14,300.97,300.94,300.53,300.41,301.2,301.3,302.88,300.93,302.33,298.77,299.75,301.79,301.98,301.13,300.14,301.25,301.57,301.1,301.12,301.35,301.23,301.26,301.32,302.21,301.28,301.54,301.6,301.8,302.07,301.6,301.49,300.91,301.26,302.06,304.39,306.76,307.05,307.48,307.45,307.45
301.77,302.01,301.99,301.92,302.02,302.13,302.1,301.84,301.8,301.64,301.26,301.01,300.86,300.81,300.79,301.11,301.38,301.9,301.6,302.13,302.08,301.94,302.05,301.99,301.67,301.81,302,301.86,301.75,301.67,301.55,301.17,301,300.86,300.75,300.77,300.81,301.11,301.08,300.89,301.04,300.12,300.74,300.98,301.59,299.9,302.07,301.49,301.81,300.32,301.29,301.8,300.75,300.51,301.8,301.92,301.63,301.81,301.92,301.97,301.84,301.92,301.86,301.94,301.89,301.4,301.83,302.38,302.33,304.56,305.12,303.66
301.74,301.95,301.67,301.88,301.89,301.9,301.81,301.61,301.55,301.2,300.93,300.78,300.71,300.75,300.82,301.08,301.56,301.64,302.08,301.78,301.88,302.09,301.83,301.71,301.85,302.16,302.04,301.91,301.74,301.57,301.39,301.2,301.06,301.05,300.99,300.91,301.08,301.46,301.35,301.43,301.33,301.35,301.45,301.6,301.28,301.03,301.25,301.66,299.96,301.7,301.51,301.26,300.56,301.81,301.63,301.63,301.99,302.14,302.38,302.38,301.95,301.94,302.13,301.92,301.88,302.1,302.1,302.08,302.17,301.82,301.76,301.79
301.73,301.74,301.85,301.88,301.71,301.48,301.48,301.4,301.23,300.93,300.72,300.72,300.72,300.67,300.83,301.15,301.57,301.8,301.88,301.69,301.63,301.81,301.77,302.21,302.05,301.92,301.74,301.75,301.63,301.55,301.45,301.31,301.2,301.26,301.25,301.1,301.33,301.61,301.68,301.55,301.48,301.43,301.71,301.64,301.34,301.23,301.46,301.85,301.53,301.7,301.72,301.41,301.52,301.74,301.98,301.86,302.33,302.62,302.64,303.25,303.5,303.22,302.29,302.31,302.5,302.37,302.44,302.41,302.23,302.08,301.83,302.19
301.71,301.76,301.8,301.53,301.42,301.53,301.31,301.31,301.17,300.91,300.86,300.88,301.06,300.95,300.88,301.25,301.5,301.73,301.84,301.84,301.39,301.66,301.37,301.91,301.81,301.48,301.63,301.54,301.52,301.6,301.28,301.22,301.41,301.68,301.64,301.33,301.42,301.66,301.66,301.64,301.65,301.77,302.05,301.72,301.6,301.46,301.92,302.29,302.13,301.95,301.64,301.48,301.63,302.06,302.21,302.29,302.44,302.7,302.67,303.81,303.04,306.29,306.24,303.19,303.58,303.4,302.75,302.67,302.39,302.31,302.67,303.55
301.64,301.65,301.42,301.59,301.49,301.34,301.21,301.06,301.07,301.22,301.1,301.15,301.03,301.07,301.11,301.13,301.26,301.59,301.6,301.45,301.52,301.64,301.35,301.5,301.43,301.47,301.5,301.38,301.35,301.56,301.44,301.39,301.72,301.84,301.63,301.54,301.53,301.64,301.75,301.96,302.02,302.11,302.15,301.79,301.77,301.87,302.22,302.43,302.35,302.2,302.09,301.97,301.91,302.21,302.51,302.22,302.44,302.74,303.26,306.03,306.73,306.04,305.74,306.31,305.77,303.18,303.09,302.43,302.25,302.33,302.52,301.6
301.5,301.23,301.46,301.47,301.42,301.29,301.24,301.04,301.09,301.33,301.1,301.09,301.19,301.23,300.96,301.28,301.44,301.47,301.3,301.41,301.31,301.21,300.88,301.03,301.04,301.18,301.29,301.28,301.48,301.48,301.43,301.28,301.39,301.62,301.78,301.8,301.84,301.85,301.97,302.02,301.96,301.95,301.96,301.92,302.1,302.17,302.35,302.49,302.59,302.59,302.58,302.42,302.71,302.39,302.2,307.58,302.91,302.41,306.04,307.58,306.58,306.17,307.06,307.07,304.43,303.49,302.25,301.76,302.19,302.72,302.65,301.16
300.96,301.06,301.4,301.3,301.32,301.28,301.15,300.96,300.85,300.88,301.22,301.29,301.37,300.98,300.94,300.76,300.85,300.99,301.12,301.03,300.9,300.81,300.86,300.87,300.9,300.87,300.93,301.05,301.29,301.54,301.68,301.73,301.66,301.54,301.57,301.79,302.02,301.82,301.95,301.89,301.96,302,302.11,302.22,302.29,302.38,302.44,302.54,302.76,302.83,302.86,303.04,302.56,304.63,305.85,308.93,309.68,307.18,307.83,306.71,307.77,307.94,308.51,308.48,304.35,302.66,301.93,301.63,301.3,302.74,301.92,302.05
300.77,301.07,301.14,301.14,301.19,301.21,301.1,301.03,300.77,300.61,300.6,300.88,300.92,300.74,300.85,300.71,300.67,300.69,300.92,300.69,300.52,300.52,300.51,300.44,300.26,300.23,300.38,300.56,300.72,300.9,301.11,301.16,301.24,301.42,301.35,301.05,301.08,301.26,301.71,301.98,301.94,301.97,302.05,302.24,302.4,302.56,302.69,302.79,302.94,303.17,303.17,303.34,305.03,308.12,305.52,307.11,308.91,309.94,309.83,310.55,308.41,308.14,307.61,308.18,307.89,305.37,303.02,302.87,302.43,302.08,303.03,302.63
300.82,300.96,300.98,301.13,301.16,301.16,301.09,301.03,300.89,300.67,300.5,300.37,300.38,300.7,300.62,300.47,300.43,300.55,300.55,300.31,300.18,300.18,300.05,299.9,299.86,299.81,299.83,299.91,300.08,300.24,300.45,300.66,300.73,300.9,301.06,301.27,301.35,301.3,301.32,301.39,301.65,301.87,302.11,302.34,302.51,302.69,302.94,303.13,303.27,303.6,303.38,311.04,308.86,307.59,308.55,306.38,309.24,309.81,308.61,309.78,308.88,308.67,308.09,308.08,307.97,305.61,304.69,304.65,303.71,304.27,303.56,300.67
300.81,300.87,300.92,300.83,300.78,301.04,301.03,300.73,300.65,300.63,300.63,300.48,300.4,300.16,300.02,299.86,299.88,299.86,300.02,300.03,300,299.78,299.6,299.52,299.36,299.25,299.17,299.33,299.59,299.61,299.82,300.07,300.28,300.37,300.41,300.72,300.77,300.77,300.8,300.95,301.33,301.65,301.94,302.16,302.34,302.54,302.88,303.21,303.48,303.53,304.56,310.15,309.02,310.45,310.08,308.81,309.18,308.65,308.66,309.85,309.34,308.29,308.01,308.14,307.24,306.08,305.91,306.99,308.34,308.52,306.33,304.85
300.58,300.46,300.34,300.44,300.48,300.47,300.63,300.52,300.44,300.33,300.3,300.24,300.17,300.13,299.99,299.71,299.6,299.7,299.82,299.69,299.52,299.34,299.2,299.02,298.87,298.76,298.85,298.99,298.86,298.95,299.15,299.28,299.36,299.58,299.86,299.97,300.04,300.03,300.25,300.54,300.9,301.29,301.74,301.88,302.25,302.61,302.95,303.01,303.26,303.16,311.64,311.66,312.46,311.71,312.3,310.17,309.07,308.54,308.44,309.31,309.09,308.09,306.82,308.16,308.24,307.28,306.52,306.47,307.52,308.41,307.89,306.2
300.25,300.23,300.17,300.15,300.26,300.24,300.22,300.22,300.01,299.96,299.97,300.07,299.99,299.64,299.46,299.34,299.28,299.19,299.43,299.26,299.03,298.89,298.76,298.65,298.47,298.4,298.49,298.67,298.45,298.36,298.55,298.58,298.58,298.71,299.07,299.01,299.33,299.42,299.71,300.1,300.57,301.14,301.57,302.32,302.02,302.15,301.86,305.5,308.92,311.57,313.57,312.15,311.83,311.81,313.03,311.39,309.8,308.96,309.6,309.53,309.3,308.82,307.96,307.6,307.79,308.09,307.81,306.67,307.04,307.94,308.3,306.89
299.75,299.89,299.87,299.8,299.81,299.73,299.64,299.65,299.7,299.6,299.6,299.92,299.83,299.64,299.54,299.41,299.26,299.16,298.99,298.88,298.68,298.42,298.18,298.05,297.98,298.01,297.99,298.07,298.09,297.95,297.78,297.92,298,298.02,298.35,298.31,298.62,298.8,299.18,299.6,300.13,300.79,301.66,301.61,307.06,313.36,313.88,311.67,312.33,311,311.69,312.93,313.44,313.48,312.79,310.54,309.45,309.77,309.76,308.26,308.1,307.38,307.18,306.08,307.92,307.58,307.97,306.23,304.89,306.2,307.26,307.04
299.55,299.45,299.34,299.27,299.29,299.2,299.1,299.08,299.03,299.07,299.12,299.15,299.31,299.32,299.13,299.05,298.95,298.82,298.63,298.38,298.16,297.87,297.67,297.53,297.5,297.46,297.47,297.52,297.45,297.49,297.38,297.17,297.4,297.37,297.59,297.74,297.92,298.15,298.55,299.06,299.78,299.85,304.95,314.46,313.36,311.05,311.72,312.44,312,312.44,312.81,313.01,313.52,313.06,312.56,310.5,309.75,310.09,308.67,306.88,306.83,306.26,305.89,306.66,307.21,307.53,307.95,307.13,305.67,304.49,306.02,306.89
298.97,298.88,298.79,298.76,298.72,298.68,298.71,298.72,298.69,298.64,298.54,298.64,298.82,298.83,298.65,298.48,298.19,298,297.98,297.82,297.72,297.57,297.42,297.25,297.17,296.96,296.8,296.85,296.9,296.88,296.75,296.71,296.65,296.87,296.79,297.13,297.27,297.57,297.94,298.4,299.16,299.05,309.77,314.41,312.8,312.48,310.82,310.3,311.76,311.92,312.24,313.51,313.33,313.09,312.33,311.72,310.05,308.62,308.68,308.42,307.48,306.77,304.1,305.16,306.73,306.75,306.92,307.37,307.45,307.25,306.83,306.13
298.61,298.5,298.48,298.43,298.34,298.34,298.43,298.45,298.41,298.36,298.18,298.16,298.16,298.18,298.24,298.16,298.11,297.94,297.86,297.67,297.45,297.27,297.16,297.04,296.92,296.83,296.75,296.57,296.52,296.34,296.28,296.17,296.09,296.22,296.33,296.42,296.63,296.97,297.29,297.8,298.63,298.65,312.51,313.32,312.79,312.13,312.53,312.08,311.46,311.4,311.9,313.32,312.61,312.47,312.48,311.28,310.1,309.02,308.63,306.8,306.23,306.03,305.94,307.3,307.39,307.35,307.24,307.21,306.34,306.92,306.94,306.34
298.25,298.15,298.24,298.15,298.02,298.08,298.11,298.02,297.91,297.83,297.75,297.55,297.49,297.53,297.72,297.71,297.68,297.42,297.3,297.18,296.97,296.71,296.53,296.51,296.47,296.42,296.41,296.26,296.23,295.98,295.78,295.73,295.62,295.57,295.94,295.87,296.15,296.38,296.73,297.23,297.93,297.96,308.71,313.12,312.45,311.2,311.31,310.76,311.27,310.72,310.73,310.94,311.52,311.91,311.88,311.1,310,307.78,308.16,308.06,308.26,307.54,307.79,307.75,307.74,308.02,307.76,307.53,306.66,305.64,305.07,305.57
298.09,297.84,297.85,297.74,297.7,297.85,297.91,297.84,297.65,297.45,297.31,297.22,297.07,297.03,297.41,297.24,297.27,296.9,296.47,296.58,296.44,296.23,295.97,296.04,296.05,295.86,295.88,295.92,295.82,295.58,295.31,295.22,295.27,295.32,295.43,295.53,295.68,295.89,296.38,296.74,297.34,298.05,302.45,313.35,308.91,308.09,311.01,310.91,310.28,309.64,308.3,307.76,306.77,306.98,308.09,309.58,310.11,308,307.11,306.75,307.24,307.55,308.27,308.33,308.01,308.02,308.24,307.93,307.43,306.8,306.06,304.18
297.97,297.9,297.69,297.56,297.44,297.54,297.47,297.2,297.2,297.16,297.07,296.94,297,296.77,296.85,296.54,296.67,296.59,296.34,296.36,296.28,296.19,296.06,295.95,295.74,295.57,295.34,295.26,295.2,295.18,295.09,294.84,294.87,295.11,295.04,295.29,295.26,295.48,295.92,296.29,297.08,296.46,309.39,312.96,312.33,307.02,309.57,309.77,309.09,307.32,305.98,306.24,305.25,305.85,304.91,304.4,306.44,309.25,308.9,308.23,308.2,307.49,308.74,308.87,308.62,308.2,308.46,308.39,308.15,307.55,306.87,305.25
297.39,297.55,297.51,297.31,297.12,297.05,296.95,296.86,296.71,296.62,296.69,296.6,296.58,296.58,296.65,296.58,296.38,296.33,296.16,295.96,295.8,295.63,295.53,295.6,295.47,295.31,295.06,294.82,294.71,294.67,294.7,294.78,294.69,294.79,294.71,294.96,294.97,295.07,295.41,295.83,296.3,296.92,301.71,312.42,311.28,309.91,309.53,307.98,307.36,305.35,303.78,303.04,301.5,302.69,303.6,303.55,304.16,304.35,306.64,309.38,309.09,309.23,309.13,309.54,309.41,309.43,309.28,308.64,307.78,307.49,306.98,306
296.59,296.7,297.04,296.91,296.63,296.48,296.24,296.12,296.08,296.07,296.16,296.21,296.17,296.18,296.34,296.07,295.8,295.88,295.57,295.38,295.27,295.15,294.88,294.77,294.75,294.66,294.68,294.51,294.37,294.38,294.42,294.37,294.37,294.38,294.3,294.35,294.62,294.67,294.89,295.23,295.61,296.25,296.52,310.7,309.84,307.68,306.92,306.09,305.18,303.8,302.21,299.79,299.64,297.91,299.08,302.63,303,303.74,303.56,306.52,310.17,310.31,309.88,309.68,309.63,309.84,309.59,308.85,308,307.14,306.5,305.86
295.57,295.7,295.98,296.27,296.37,295.95,295.7,295.44,295.32,295.26,295.33,295.4,295.5,295.72,295.81,295.77,295.43,295.28,295.07,294.97,294.7,294.57,294.48,294.43,294.4,294.25,294.11,294.14,294.12,293.91,293.91,293.75,293.75,293.91,293.91,293.92,294.16,294.3,294.41,294.59,294.94,295.13,295.93,305.97,308.3,306.8,306.27,304.72,303.66,302.8,302.48,301.14,300.69,299.67,298.01,297.91,300.91,301.95,302.1,302.88,304.5,308.82,310.37,309.65,309.21,309.23,307.97,307.12,308.41,307.68,306.04,305.49
294.92,294.82,295.15,295.55,295.98,295.5,295.24,294.95,294.75,294.59,294.54,294.62,294.87,295.35,295.42,295.21,295.1,294.85,294.56,294.33,294.14,293.99,293.88,293.84,293.93,293.84,293.62,293.48,293.41,293.3,293.2,293.09,293.2,293.45,293.59,293.69,293.78,293.91,294.04,294.1,294.22,294.32,295.07,298.64,307.04,305.56,305.16,303.78,303.16,302.27,301.65,300.75,301.26,300.9,299.71,297.94,298.53,298.11,298.25,297.82,300.11,301.39,303.51,309.35,310.03,309.3,307.92,306.53,309.03,307.95,306.03,305.37
294.62,294.32,294.37,294.87,295.41,295.07,294.85,294.56,294.31,294.13,294,293.96,294.09,294.54,295.03,294.86,294.65,294.42,294.02,293.81,293.66,293.55,293.5,293.45,293.46,293.3,293.32,293.21,293.08,293.01,292.91,292.82,292.79,293.07,293.37,293.44,293.59,293.69,293.81,293.86,293.81,293.75,294.31,295.72,306.05,303.82,303.52,301.75,300.82,300.69,301.15,299.07,300.25,298.96,297.63,297.61,295.14,292.66,292.58,292.23,292.48,294.86,298.76,303.89,309.41,311.62,310.48,308.12,308.93,307.73,307.36,307.19
294.5,294.26,293.92,293.99,294.75,294.69,294.45,294.24,294,293.78,293.59,293.42,293.27,293.28,293.82,294.48,294.23,294.01,293.63,293.28,293.14,292.98,292.79,292.71,292.87,292.89,292.85,292.69,292.61,292.57,292.57,292.72,292.56,292.66,293.03,293.18,293.29,293.19,293.29,293.52,293.52,293.47,293.93,295.26,303.67,302.43,301.17,300.66,299.51,299.87,299.72,299.69,297.46,292.52,292.75,292.89,292.92,292.7,292.41,292.27,292.31,292.5,292.16,295.78,304.12,302.44,300.27,305.72,309.08,309.7,308.89,307.09
294.31,294.19,293.82,293.51,293.54,294.12,294.13,293.86,293.62,293.43,293.31,293.04,292.64,292.28,292.33,293.31,293.65,293.58,293.29,292.91,292.71,292.47,292.1,291.82,291.9,291.83,291.71,291.73,291.83,291.89,291.82,291.86,292,292.13,292.26,292.38,292.66,292.44,292.3,292.34,292.5,292.66,292.81,296.38,299.72,299.85,299.42,298.35,293.73,293.84,293.7,293.56,292.67,292.91,292.8,292.71,292.61,292.49,292.34,292.15,292.07,291.98,292.32,291.94,296.87,292.54,302.25,305.75,309.67,308.9,309.78,306.95
293.79,293.8,293.73,293.52,293.34,293.2,293.37,293.45,293.15,292.87,292.8,292.74,292.39,291.83,291.74,292.2,292.91,292.85,292.77,292.57,292.31,292.08,291.67,291.23,291.13,291.04,290.9,290.93,290.93,290.91,290.99,291.24,291.4,291.52,291.66,291.67,291.64,291.63,291.32,291.33,291.42,291.52,291.58,291.35,292.28,292.9,293.56,291.18,291.69,291.77,291.78,291.87,291.91,291.98,292.13,292.26,292.42,292.49,292.42,292.23,291.96,291.85,291.84,291.86,291.99,293.09,293.33,299.57,304.69,302.96,307.29,307.26
293.21,293.26,293.23,293.14,292.99,292.8,292.6,292.54,292.53,292.4,292.21,292.11,291.96,291.61,291.34,291.53,291.97,292.23,292.04,291.95,291.76,291.56,291.19,290.77,290.6,290.43,290.11,290.3,290.55,290.52,290.63,290.79,290.86,290.94,290.89,290.69,290.47,290.41,290.31,290.29,290.39,290.47,290.52,290.58,290.56,290.52,290.43,290.5,290.35,290.4,290.5,290.68,290.76,290.75,290.87,290.99,290.99,291.03,291.23,291.54,291.82,291.94,291.87,291.74,291.65,292.92,292.03,290.89,296.3,300.74,302.52,307.6
292.42,292.43,292.35,292.28,292.19,292.28,292.18,291.95,291.75,291.68,291.7,291.52,291.34,291.05,290.78,290.71,290.99,291.32,291.27,291.07,290.87,290.71,290.54,290.25,290.04,289.99,289.8,289.58,289.7,290.05,290.22,290.3,290.14,289.87,289.37,289.34,289.32,289.25,289.21,289.18,289.16,289.16,289.22,289.28,289.31,289.37,289.45,289.52,289.54,289.55,289.55,289.58,289.65,289.6,289.63,289.77,289.92,290.01,290.09,290.26,290.43,290.74,291.26,291.68,291.62,291.41,291.27,291.24,293.32,298.69,300.96,303.29
