data/1800-temp.json
{"header": {"discipline":0,"disciplineName":"Meteorological products","gribEdition":2,"gribLength":35415,"center":7,"centerName":"US National Weather Service - NCEP(WMC)","subcenter":0,"refTime":"2014-03-10T12:00:00.000Z","significanceOfRT":1,"significanceOfRTName":"Start of forecast","productStatus":0,"productStatusName":"Operational products","productType":1,"productTypeName":"Forecast products","productDefinitionTemplate":0,"productDefinitionTemplateName":"Analysis/forecast at horizontal level/layer at a point in time","parameterCategory":0,"parameterCategoryName":"Temperature","parameterNumber":0,"parameterNumberName":"Temperature","parameterUnit":"K","genProcessType":2,"genProcessTypeName":"Forecast","forecastTime":21,"surface1Type":103,"surface1TypeName":"Specified height level above ground","surface1Value":2,"surface2Type":255,"surface2TypeName":"Missing","surface2Value":0,"gridDefinitionTemplate":0,"gridDefinitionTemplateName":"Latitude_Longitude","numberPoints":65160,"shape":6,"shapeName":"Earth spherical with radius of 6,371,229.0 m","gridUnits":"degrees","resolution":48,"winds":"true","scanMode":0,"nx":360,"ny":181,"basicAngle":0,"subDivisions":0,"lo1":0,"la1":90,"lo2":359,"la2":-90,"dx":1,"dy":1}, "data":
[rows 0 to 34 of 181, columns 156 to 233 of 360]
242.5,242.5,242.5,242.5,242.5,242.5,242.5,242.5,242.5,242.5,242.5,242.5,242.5,242.5,242.5,242.5,242.5,242.5,242.5,242.5,242.5,242.5,242.5,242.5,242.5,242.5,242.5,242.5,242.5,242.5,242.5,242.5,242.5,242.5,242.5,242.5,242.5,242.5,242.5,242.5,242.5,242.5,242.5,242.5,242.5,242.5,242.5,242.5,242.5,242.5,242.5,242.5,242.5,242.5,242.5,242.5,242.5,242.5,242.5,242.5,242.5,242.5,242.5,242.5,242.5,242.5,242.5,242.5,242.5,242.5,242.5,242.5,242.5,242.5,242.5,242.5,242.5,242.5
243.6,243.6,243.6,243.6,243.6,243.6,243.6,243.6,243.6,243.6,243.6,243.5,243.5,243.5,243.5,243.5,243.5,243.5,243.4,243.4,243.4,243.4,243.4,243.3,243.3,243.3,243.2,243.2,243.2,243.1,243.1,243.1,243,243,243,242.9,242.9,242.8,242.8,242.8,242.7,242.7,242.6,242.6,242.5,242.5,242.5,242.4,242.4,242.3,242.3,242.3,242.2,242.2,242.2,242.1,242.1,242.1,242,242,241.9,241.9,241.8,241.8,241.8,241.8,241.8,241.7,241.7,241.7,241.7,241.7,241.7,241.7,241.7,241.7,241.7,241.7
245.3,245.4,245.5,245.5,245.5,245.6,245.6,245.6,245.7,245.7,245.7,245.7,245.7,245.6,245.5,245.5,245.5,245.5,245.5,245.5,245.4,245.4,245.4,245.4,245.4,245.4,245.4,245.4,245.4,245.4,245.4,245.4,245.3,245.3,245.3,245.2,245.2,245.2,245.1,245.1,245,244.9,244.9,244.8,244.8,244.7,244.6,244.6,244.5,244.4,244.4,244.3,244.2,244.1,244,243.9,243.8,243.8,243.7,243.6,243.5,243.4,243.4,243.3,243.2,243.1,243,242.9,242.9,242.8,242.7,242.6,242.5,242.5,242.4,242.4,242.3,242.3
250.8,250.8,250.9,250.9,250.9,250.9,250.8,250.8,250.8,250.7,250.7,250.6,250.5,250.4,250.3,250.2,250.1,250,249.9,249.8,249.7,249.6,249.6,249.5,249.4,249.4,249.3,249.3,249.2,249.2,249.1,249.1,249,248.9,248.8,248.6,248.5,248.3,248.2,248.1,247.9,247.7,247.5,247.3,247.1,246.9,246.7,246.4,246.2,246,245.8,245.5,245.3,245.1,244.9,244.8,244.6,244.5,244.3,244.2,244.1,243.9,243.8,243.7,243.6,243.5,243.4,243.4,243.3,243.2,243.1,243.1,243,243,242.9,242.8,242.8,242.8
250.7,250.7,250.8,250.8,250.9,250.9,251,251,251,251,251,251,250.9,250.9,250.9,250.8,250.7,250.7,250.6,250.5,250.4,250.4,250.3,250.3,250.3,250.2,250.2,250.1,250,250,250,249.9,249.8,249.7,249.6,249.5,249.4,249.3,249.1,248.9,248.7,248.6,248.4,248.2,248.1,248,247.8,247.6,247.4,247.2,246.9,246.7,246.6,246.2,245.9,245.7,245.4,245.1,244.8,244.6,244.4,244.2,244,243.9,243.8,243.7,243.5,243.4,243.2,243.1,243,243,242.9,242.9,242.8,242.8,242.8,242.8
248.4,248.6,248.7,248.8,248.9,249,249,249.1,249.1,249.1,249.1,249,249,248.9,248.9,248.8,248.7,248.7,248.5,248.4,248.2,248.1,248,247.8,247.7,247.6,247.6,247.6,247.5,247.5,247.5,247.5,247.4,247.4,247.4,247.5,247.5,247.6,247.6,247.6,247.6,247.5,247.4,247.4,247.3,247.2,247,246.8,246.6,246.4,246.2,246,245.7,245.4,245,244.7,244.4,244.2,243.9,243.8,243.7,243.5,243.4,243.3,243.2,243.1,243,242.9,242.9,242.8,242.8,242.8,242.8,242.8,242.8,242.8,242.8,242.9
246.3,246.2,246.1,246,246,245.9,245.8,245.8,245.7,245.6,245.6,245.6,245.7,245.8,245.9,245.9,245.9,245.8,245.7,245.7,245.7,245.6,245.6,245.5,245.5,245.5,245.5,245.4,245.3,245.3,245.4,245.5,245.6,245.6,245.7,245.9,246,246.3,246.4,246.3,246.3,246.2,246,245.9,245.7,245.5,245.3,245.2,245,244.8,244.6,244.3,244.1,243.9,243.7,243.6,243.4,243.2,243.1,243,242.9,242.8,242.8,242.7,242.7,242.7,242.7,242.7,242.7,242.7,242.7,242.7,242.8,242.8,242.9,243,243.1,243.2
245.9,245.7,245.5,245.3,245,244.7,244.4,244.3,244.1,244.1,244.3,244.3,244.5,244.7,244.9,245.1,245.3,245.6,245.7,245.8,245.8,245.8,245.9,245.8,245.6,245.5,245.4,245.3,245.1,245.2,245.2,245.2,245.2,245.1,245,244.9,244.9,244.9,244.8,244.8,244.8,244.7,244.6,244.5,244.2,244,243.9,243.8,243.7,243.8,243.8,243.7,243.7,243.7,243.7,243.5,243.4,243.4,243.2,243.2,243.3,243.2,243.2,243.1,243,243,243,243,243,243,243.1,243.1,243.2,243.3,243.4,243.5,243.6,243.7
246,246.1,246.1,246,245.9,245.8,245.7,245.5,245.4,245.4,245.3,245.2,245.1,245,245,244.9,244.9,245,245.1,245.2,245.2,245.2,245.2,245.1,245,244.9,244.8,244.6,244.6,244.6,244.6,244.5,244.4,244.2,244.2,244.2,244,243.9,243.6,243.5,243.5,243.4,243.5,243.6,243.7,243.7,243.6,243.5,243.3,243.2,243.2,243.2,243.2,243.2,243.2,243.1,243,243,243,243,243,243.1,243.1,243.1,243.1,243.2,243.3,243.4,243.4,243.5,243.5,243.6,243.6,243.7,243.8,243.9,244,244.1
245.2,245.3,245.4,245.4,245.4,245.4,245.3,245.3,245.3,245.2,245.1,245,244.9,244.6,244.5,244.4,244.4,244.5,244.6,244.7,244.7,244.5,244.3,244.1,243.6,243.5,243.3,243.2,243.3,243.4,243.4,243.7,243.9,243.9,243.5,243.3,243.4,243.7,244,244.1,244.1,244,243.9,243.9,243.7,243.5,243.6,243.8,244,244.2,244.3,244.1,243.9,243.5,243.4,243.4,243.4,243.4,243.5,243.6,243.7,243.7,243.8,243.8,243.8,243.9,243.9,243.9,244,244,244,244,244,244,244.1,244.2,244.3,244.4
244.8,244.9,244.9,245.1,245.3,245.4,245.4,245.4,245.4,245.2,245,244.7,244.3,244,243.6,243.7,243.7,243.8,244,244,243.9,243.8,243.4,243,242.8,242.9,242.9,243,243,243.2,243.3,243.5,243.7,244.1,244.4,244.7,244.8,244.8,244.8,244.8,244.8,244.7,244.6,244.7,244.8,245,245.2,245.4,245.4,245.1,244.9,244.8,244.8,244.8,244.8,244.9,245,245,245,245.1,245,244.8,244.7,244.5,244.4,244.1,244,243.9,243.9,243.9,244,244.1,244.3,244.4,244.6,244.7,244.8,244.9
245.3,245.3,245.4,245.4,245.5,245.6,245.5,245.4,245.1,245,244.8,244.5,244,243.6,243.3,243,242.6,242.3,242.3,242.4,242.4,242.4,242.3,241.9,241.9,241.8,242,242.3,242.6,243.1,243.6,244.1,244.6,245.1,245.6,246.1,246.3,246.4,246.3,246.2,246.3,246.4,246.5,246.6,246.6,246.6,246.4,246.1,245.9,245.5,245.2,245.1,245,245,245,244.9,245,245,245,244.9,244.7,244.7,244.7,244.6,244.4,244.3,244.3,244.5,244.8,245,245.3,245.3,245.2,245.3,245.3,245.2,245.2,245.2
245.2,245.1,245,244.9,244.9,244.8,244.6,244.4,244.2,244.1,244,243.9,243.6,243.1,242.6,242.1,241.7,241.7,242.1,242.2,242.2,242.2,242.2,242.1,242.2,242.4,242.7,243,243.2,243.6,244,244.5,245.3,246.1,246.9,247.3,247.6,247.7,248,248.2,248.4,248.5,248.4,248.1,247.8,247.4,246.9,246.5,246,245.5,245.2,245,245.1,245.3,245.5,245.8,246.1,246.4,246.7,246.8,246.6,246.3,246.2,246.2,246.3,246.3,246.4,246.3,246,245.7,245.6,245.5,245.7,245.8,245.9,246.1,246.2,246
245,244.9,244.7,244.5,244.2,244.1,244.2,243.9,243.7,243.5,243.3,243.2,242.8,242.2,242.1,242,242,242.2,242.3,242.3,242.4,242.4,242.6,242.9,243.2,243.4,243.8,244.3,244.9,245.5,246.3,247.2,247.8,248.3,248.6,248.8,248.9,248.9,248.8,248.7,248.4,248.1,247.8,247.4,247.1,246.8,246.4,246,245.8,245.7,245.5,245.3,245.2,245.1,244.9,244.8,244.7,244.7,244.7,244.8,244.9,245.3,245.6,245.7,245.2,244.6,244.1,243.9,243.8,243.5,243.3,243.5,243.6,243.8,244.2,244.8,245.1,245.8
245.1,244.9,244.6,244.4,243.8,243.5,243.2,243,243,242.9,242.6,242.1,241.6,241.5,241.8,242.1,242.5,243,243.3,243.3,243.2,243.1,243.2,243.4,243.7,244.3,245,245.8,246.8,247.8,248.6,249.1,249.4,249.6,249.8,249.7,249.5,249.3,249.4,249.4,249.2,249,248.6,248.3,248,247.6,247.3,247,246.5,245.9,245.2,244.6,244.1,243.5,242.9,242.4,241.9,241.5,241.2,240.7,240.4,240.1,239.9,239.8,239.7,239.7,239.8,240.1,240.8,241.6,242.4,243,243.6,244.2,244.7,245,245.4,245.8
246,245.5,244.9,244.3,244,243.6,243.3,242.9,242.5,242,241.5,241,241.1,241.7,242.2,242.6,242.7,242.9,243.1,243.1,243.2,243.3,243.5,244,244.8,245.7,246.7,247.8,248.9,249.6,250,250.1,250.1,250.1,250,249.9,249.7,249.6,249.4,248.9,248.2,247.4,246.7,246.1,245.6,245.1,244.5,244,243.5,242.9,242.3,241.8,241.5,241.3,241.1,240.8,240.6,240.3,240.1,239.7,239.5,239,238.7,238.5,238.3,238.3,238.3,238.6,239,239.3,239.8,240.3,240.7,241.1,241.4,241.9,242.6,243.2
246.7,246.4,246.1,245.4,244.4,243.6,242.7,241.7,240.7,240.1,240.2,240.9,241.8,242.4,242.7,242.8,242.9,242.9,242.9,243,243,243.3,243.9,245,246.1,247.3,248.5,249.4,250.2,250.8,251,250.9,250.6,250.2,249.9,249.5,248.9,247.9,246.6,245.5,244.6,244,243.3,242.7,242.1,241.7,241.3,241,240.7,240.5,240.3,240.2,240.2,240.2,240.4,240.6,240.9,241.1,241.3,241.5,241.6,241.7,241.7,241.6,241.2,240.6,239.7,238.7,237.7,237.2,237.5,238,238.8,239.9,242.1,243.1,243.2,242.9
245.2,245.2,245.1,245,243.3,241.2,239.1,238.1,237.8,238.6,240,241.4,242.2,242.6,242.8,242.9,242.9,242.8,242.8,242.8,243,243.6,244.5,245.7,246.9,248.2,249.5,250.5,251,251,250.5,249.8,248.9,248.2,247.5,246.7,245.8,244.7,243.7,243.2,243,242.9,242.7,242.2,241.8,241.5,241.3,241.1,240.8,240.7,240.8,240.9,241.1,241.3,241.6,241.8,241.9,242,242.1,242.1,242.2,242.2,242.3,242.5,242.7,243,243.3,243.5,243.8,244,244.3,244.4,243.8,242.9,242.7,242.9,243.1,243.5
244.5,243.6,242.3,240.9,239.9,239.3,238.8,238.3,238.1,238.8,240.2,241.6,242.4,242.7,242.8,242.8,242.8,242.8,242.7,242.7,242.9,243.6,244.6,245.6,246.4,247.4,248.8,250.2,251.1,251.1,250.4,249.4,248.3,247.6,247.2,246.9,246.4,245.9,245.6,245.2,244.5,243.8,243.4,243.4,243.2,242.8,242.1,241.4,241,240.8,241.1,241.4,241.8,241.9,241.9,242,242.1,242.1,242.1,242.3,242.5,242.7,242.8,242.7,242.7,242.8,243,243,243,243.1,243.3,243.5,243.7,244,244.1,244.2,243.9,243
244.4,243.2,241,240.9,241.9,242.6,242.1,240.7,239.9,239.7,240,240.5,241.1,241.7,242.3,242.6,242.8,242.9,242.7,242.8,243,243.4,243.6,243.4,243.5,244.3,245.7,247.1,248,248.9,249.6,249.8,249.5,248.9,248.6,248.4,247.7,246.5,245.7,245.7,246,246.9,247.3,247.6,247.5,246.8,245.6,244.3,243.8,244.7,244.4,243.7,241.8,241.8,242,242,242.2,242.6,243.1,244,244.6,244.8,244.9,244.9,244.8,244.7,244.4,244,243.6,243.5,243.6,243.8,244,243.8,243.6,243.5,243.5,243.9
237.5,235.6,236.4,240.2,244.9,246.5,246.6,246.2,245.3,244.3,242.4,240.9,245.1,244.5,241,242.6,239.9,244.3,242.2,243.2,244.2,245.1,245.5,245.5,245.4,245.3,245.7,246.4,246.8,247,247.3,247.3,247.1,246.6,246.7,247.6,248.3,247.5,246.5,246,245.6,244.3,241.1,238.6,237.9,237.9,238,238,237.6,237.2,237.4,237.2,237.6,239.4,240.3,241.5,242.6,243.1,243.6,244.6,245.2,245.4,246.8,247.7,247.4,246.8,247,248.4,249.5,250.1,248.7,247.5,247.2,248.2,247.5,248.1,244.2,242.9
234,235.6,236.8,237.8,245.2,240.6,234.7,235.2,237.4,235.1,233.1,233.7,237,238.2,242.9,238.6,232.6,233.5,236.8,237.9,238.8,240.4,242.8,246.8,247.9,247.4,246.5,246.3,246.4,246.5,246.5,246.3,246.1,245.6,245.5,246.6,248.3,248.5,246.5,245.1,243.2,240.6,239.2,237.9,236.2,234.2,231.2,232.1,235.5,236.7,237.9,237.8,237.4,238.7,240.1,242.9,241,247.9,251.3,251.5,250.9,251.4,250.4,247.7,245.1,240.4,245.1,246.7,245.9,244,245.5,248.7,246.5,244.9,243.9,243.2,243.1,242.2
233.7,233.8,234.2,234.3,238.9,244.6,245.9,239.5,238.5,236.9,239.6,239.5,235.3,234.5,233.8,235.7,235.5,239.4,241.8,241.2,241.2,240.4,240.8,243.7,243.2,243.8,246.1,247.2,246.9,246.4,246.1,245.9,246.1,246.2,246.3,247.1,248.9,250.1,249.1,245.7,244.5,243.8,243.9,242,240.5,239.6,240.7,243.6,245.8,245,247.6,248.2,249.7,250.4,247.9,247.7,249.3,250.4,250.9,251.1,250.9,249.3,247.1,246.3,248.1,250.5,251.5,252.8,249.3,246.4,244.6,245.5,245.2,244.2,243.7,245.4,245.4,244.4
233.9,232.9,233.7,236,234.8,235.9,239.4,243.5,238.5,236.6,240.8,242.7,236.9,243,245.3,244.4,243.7,242.5,243.4,242.7,242.9,243.1,243.3,241.4,237.3,237.2,243,245,245.3,246.3,246.8,245.8,246.1,246.3,246.6,247.3,248.9,250.5,251.9,252.9,252.7,250.5,249.3,246,245.3,246.3,249.6,252.5,254.9,254.1,252.8,251.7,251.6,251.6,250.2,250.7,252.4,252.8,253.5,252.8,251.6,250.8,251.7,252.3,251.4,250.2,250.5,252.3,247.6,240.8,243.3,245.3,247.1,247.6,248.7,248.3,248.2,246.8
234.8,235.6,235.9,235.5,233.6,234.2,237.3,238.3,237,235.4,236.3,239.8,246.8,247.9,247,246.8,246.7,246,244.3,242.9,244.3,244.6,246,244.9,247.2,251.4,244.4,242,243.2,244.9,246,244.4,241.6,242.5,246.6,248.2,249.5,250.2,250.7,250.3,251.6,252.7,251.2,247.6,246.5,247.5,250.5,253.8,254.2,253.6,252.3,251.2,250.2,249.5,251.3,250.3,249.9,250.6,249.8,247.8,249.1,254,260.1,261.5,258.1,256.2,255.7,255.6,252.3,248.5,248.2,250.5,251.3,249.4,247.5,247.8,247.4,247.2
236.6,235,235,236.4,245.3,242.6,238.6,241.5,245.1,246.8,247.2,241.6,240.4,245.9,248,238.4,236.3,244.4,247.2,243.9,244.1,245.4,240.5,242.2,250.4,254.8,253.8,252.4,250.2,244,242.3,242.4,247.9,249.7,249.8,250.3,252.2,253.1,248.7,247.8,249.3,249.9,249.6,250.1,250.3,251.6,253.5,254.2,253.9,254.6,254.5,254.4,254.4,253.1,251,253.3,258.4,261.8,260.7,259.5,260.9,261.4,261.3,262.3,262.2,262.9,261.7,261.5,260.3,261.6,260.9,259.6,259.6,261.2,261.1,262.3,259.8,255.3
236.2,235.5,236,240,245,247.4,246.6,244.5,243.3,242.8,240,244.9,248.6,241.8,235.5,234.6,234.5,239.3,246,246.6,246.5,245,246.8,247,250.1,254.5,254.8,253.6,253.1,252.2,252.3,253.3,252.3,250.6,250.3,251,253.1,255.5,256.6,257.4,258.4,258.2,257.4,257.2,255.5,255,254,255,257.2,257,255.7,255.2,254.3,255.2,256.5,259.9,264.9,266,266.6,263.4,258.3,253.5,254.1,261.1,264.6,265.6,263.2,259.4,260.6,261,261.7,262.8,261.5,260.3,260,258.9,258.7,259.5
240.3,243.8,246.9,251.2,253,252.8,253.2,253.2,251.9,242.6,239.8,241.8,246,241.4,237.7,234.3,238.7,237,241.4,243.4,242.9,247,244,245.3,249.1,252.9,255.1,254.5,253.5,253.3,254.4,255.3,254.6,253.9,252.8,252.5,254.2,256.8,258.9,260,258.1,257.3,255.7,256.2,256,255.1,256.6,255.7,254.5,253.9,256.6,262.1,265.4,261,265.4,263.6,264.7,266.2,266.8,263.9,259.2,252.6,252.2,259.2,261.6,263.9,265.8,266.1,264.4,264,263.7,263.4,262.8,262.3,261,259.4,257.5,258.2
251.5,253,255.8,252.3,252.9,243.3,242.9,256.2,258.7,239.4,245.9,245.5,243,246.9,249.3,241.1,245.4,249.1,249.5,253,257.3,258.3,257.2,255.2,253.9,254.1,255.4,255.2,254,254.5,256.3,256.8,255.8,255.3,254.9,254.7,255.9,258.9,260.3,258.4,257.4,258.2,258.4,255.6,255.6,256.7,257.9,256.9,259,264.8,263.1,263,265.6,267.3,269.9,265.7,264.4,265.4,267.4,268.8,260.8,262.5,265,265.2,262.3,264.8,264.6,263.6,266.1,266.5,265.8,265.4,266.3,264.7,262.8,260.2,258.8,252.8
257.5,258.8,262.5,265.1,263.5,250.5,260,261.7,255.9,246,250.9,250,250,249.2,243.3,244.5,247.6,260.8,260.3,260.2,261,261,259.7,257.8,256.7,256.7,256.6,256.3,255.3,255.6,257,257.3,256.5,256,256,256.6,258.2,261.1,262.3,258.6,258.4,258.7,256.7,256.2,257.4,254.3,256.1,258.4,263,266.7,267.5,263.8,269.6,272.3,273.3,269.5,274.1,274.7,269.9,268,266.6,267.3,266.2,260.7,257.9,263,264.5,264.6,265.6,265.6,263.5,264.1,264.4,264.2,263,263.6,258.8,259.4
256.4,260.9,262.2,264.2,265.3,264.8,244.8,254.4,259.6,260.4,261.6,261.9,264.3,265,264.7,265.3,264.7,264.5,264.2,264.2,264.2,263.8,263,262.2,261.6,261,260.1,259.1,257.3,257.8,258.6,258.6,257.5,256.9,256.6,257.7,260.1,261.9,261.2,262.3,260.1,259.1,257.6,261.4,263,256.5,259.3,262.4,267.8,269.6,266.5,269,274.1,272.5,270.8,274.9,277.7,278.4,278.6,278.7,278.4,278.7,275.9,274.8,272.4,267.7,266.8,266.1,266,266.7,266.1,265,266.4,265.2,266.4,268.3,266.6,263.1
265.5,266.9,267.1,266.5,258.5,245.7,253.3,256,259.9,264.8,265.8,265.8,266,266.8,267.2,266.8,266.4,266.3,266.2,266,265.8,265.4,265.1,264.8,264.2,263.5,262.7,261.9,261.6,261.6,261.1,259.7,258.9,258.4,258.1,260.1,263,264.6,265,264.5,264.5,263.5,263.4,265,262.2,259.8,259.9,267.4,272.2,268.6,272.3,276.6,277.1,277.8,278.2,278.5,278.5,278.5,278.6,278.8,278.9,279.1,278.9,279.1,279.1,278.8,273.2,266.7,270.1,272,265.6,266.7,266.9,264.8,264.8,265.8,267.2,265.8
268,265.6,260.4,256.8,248.5,251.2,256.9,262.7,267.2,267.8,267.6,267.6,267.9,268,267.8,267.7,267.7,267.6,267.5,267.3,267.1,266.9,266.8,266.3,266,265.5,265,264.6,264.4,264.2,263.6,263,262.3,261.8,262,263,264.9,266.4,266.9,266.7,266,265.9,267.7,269.9,269.4,268.7,270.6,273,273.4,274.1,277.1,273.5,277.7,277.7,277.8,278.1,278.3,278.5,278.6,278.8,279,278.9,279,279.1,279,279.2,278.8,278.2,273.2,274.1,274.2,268.8,266.9,268.4,267.1,266.9,266.5,263.9
267.8,262.1,258,257.9,248.9,250,253.2,261.3,268.8,269,269.1,269.1,269,269,269,268.9,268.9,268.8,268.6,268.5,268.4,268.3,268.1,267.7,267.5,267.2,266.9,266.7,266.5,266.2,265.7,265.2,264.8,264.5,264.6,265.1,266.6,268.3,269.1,269.1,268.9,269.2,270,271.3,272.5,273.9,272.4,273.7,276.9,277.1,275.3,277.5,277.7,277.7,277.6,277.9,278.2,278.4,278.6,278.8,279,279.1,279.2,279.2,279.2,279.2,279.3,279.2,278.7,273.9,276.1,272.5,268.7,267.2,267.6,266.3,266.4,265.3
264.2,255,253,247.9,260,253.1,263,267.9,270.3,270,269.9,269.9,270,270,270,269.9,269.9,269.8,269.6,269.5,269.4,269.3,269.1,268.8,268.6,268.5,268.3,268.2,268,267.7,267.4,267.2,266.9,266.6,266.4,266.9,267.8,269,269.6,269.8,270.3,270.7,271.2,272.3,272.2,273.1,277.4,277,277.4,277.9,278,278.2,278.1,277.8,277.8,277.9,278.1,278.4,278.7,279,279.2,279.3,279.3,279.3,279.3,279.4,279.5,279.5,279.4,279.2,278.2,275.5,274.5,271.6,268,270.4,267.7,267.3
