data/1800-temp.json
{"header": {"discipline":0,"disciplineName":"Meteorological products","gribEdition":2,"gribLength":35415,"center":7,"centerName":"US National Weather Service - NCEP(WMC)","subcenter":0,"refTime":"2014-03-10T12:00:00.000Z","significanceOfRT":1,"significanceOfRTName":"Start of forecast","productStatus":0,"productStatusName":"Operational products","productType":1,"productTypeName":"Forecast products","productDefinitionTemplate":0,"productDefinitionTemplateName":"Analysis/forecast at horizontal level/layer at a point in time","parameterCategory":0,"parameterCategoryName":"Temperature","parameterNumber":0,"parameterNumberName":"Temperature","parameterUnit":"K","genProcessType":2,"genProcessTypeName":"Forecast","forecastTime":21,"surface1Type":103,"surface1TypeName":"Specified height level above ground","surface1Value":2,"surface2Type":255,"surface2TypeName":"Missing","surface2Value":0,"gridDefinitionTemplate":0,"gridDefinitionTemplateName":"Latitude_Longitude","numberPoints":65160,"shape":6,"shapeName":"Earth spherical with radius of 6,371,229.0 m","gridUnits":"degrees","resolution":48,"winds":"true","scanMode":0,"nx":360,"ny":181,"basicAngle":0,"subDivisions":0,"lo1":0,"la1":90,"lo2":359,"la2":-90,"dx":1,"dy":1}, "data":
[rows 35 to 69 of 181, columns 156 to 233 of 360]
264.1,260.6,249.5,256.2,251.9,257.1,267.2,271,270.8,270.8,269.6,270.6,270.7,270.6,270.6,270.7,270.6,270.5,270.5,270.4,270.3,270.2,269.9,269.7,269.6,269.5,269.3,269.2,269,268.8,268.6,268.3,268.1,268,268,268.5,269.1,269.8,270.4,270.9,269.4,271.2,272.3,275.2,276.8,277.5,277.6,277.4,277.7,278.1,278.2,278.3,278.2,278,278,278.1,278.4,278.6,279,279.3,279.4,279.5,279.6,279.5,279.5,279.6,279.6,279.6,280,280.2,279.6,277.4,277.1,276.3,272.7,268.6,266.5,266.1
267.6,258.6,257.2,259.2,267.4,271.1,271.6,271.9,272,272.2,272.1,272,271.9,271.7,271.6,271.6,271.5,271.4,271.2,271,270.8,270.7,270.7,270.6,270.5,270.4,270.2,270,269.7,269.6,269.5,269.5,269.5,269.6,269.8,269.9,270.4,269.3,271.1,272,272.7,273,273.7,274.9,276.3,277.4,277.7,277.7,277.9,278.1,278.4,278.7,278.4,278.2,278.3,278.4,278.7,278.9,279.4,279.6,279.7,279.9,279.9,279.9,279.9,279.9,279.9,280.4,280.6,280.5,280.4,279.1,278.9,279.1,274.4,271.6,267.4,267
268.9,264,262.7,268.5,271,272.2,272.7,273,273.3,273.4,273.4,273.2,273,272.8,272.6,272.5,272.4,271.4,272,271.8,271.6,271.4,271.3,271.1,271.1,270.9,270.7,270.6,270.5,270.5,270.6,270.7,270.8,271,271,270.7,271.1,271.6,271.8,272.4,273,273.7,274.2,274.8,275.5,276.4,277.3,277.8,278,278.2,278.6,278.5,278.4,278.5,278.7,278.8,279,279.4,279.7,279.8,280.2,280.3,280.3,280.3,280.4,280.5,280.7,280.9,281,281,280.8,280.9,278.8,280.2,279.8,276.4,271.2,267
271.9,266.3,267.4,272.3,273.6,273.9,274.1,274.2,274.3,274.2,274,273.9,273.9,273.8,273.5,273.2,273,272.9,272.7,272.5,272.4,272.2,272,271.8,271.8,271.6,271.4,270.9,271.2,271.4,271.1,271.6,271.8,271.9,272.1,272.2,272.4,272.4,272.7,273,273.3,274,274.6,275,275.4,275.7,276.1,276.5,277.1,277.6,277.8,278.2,278.7,278.9,279.1,279.2,279.5,279.8,280.1,280.1,280.6,280.7,280.7,280.9,281.2,281.3,281.3,281.4,281.4,281.4,281.2,281,281.1,280.7,280.5,280.4,277.2,269.7
272.4,271.1,272.5,273.6,273.6,273.9,274.1,274.2,274.5,274.7,274.8,274.9,274.7,274.4,274.3,274.1,273.9,273.7,273.5,273.3,273.2,273,272.8,272.7,272.5,272.4,272.3,272.1,272.1,272.2,272.3,272.4,272.6,272.8,272.9,273.1,273.3,273.5,273.6,273.8,273.9,274.2,274.5,275.2,275.8,276.1,276.4,276.7,276.9,277.3,277.9,278.5,278.8,279.2,279.5,279.8,279.9,280.2,280.5,280.7,281.3,281.2,281.3,281.7,281.9,281.9,281.9,282,281.9,281.8,281.7,281.5,281.5,281.3,281.2,281,279.2,275.1
271.8,272.5,273.3,273.8,273.8,273.7,273.6,274,274.3,274.6,274.9,275,275.1,275,274.9,274.8,274.6,274.6,274.5,274.3,274.2,274,273.9,273.7,273.6,273.4,273.3,273.2,273,273,273.1,273.2,273.4,273.6,273.7,273.9,274.1,274.2,274.3,274.5,274.6,274.9,275,275.1,275.4,276.1,276.8,277.2,277.6,277.9,278.3,278.7,279.2,279.5,280,280.3,280.4,280.8,281,281.3,281.7,281.6,282,282.4,282.5,282.5,282.5,282.5,282.4,282.3,282.1,282,281.9,281.8,281.7,281.5,281.2,274.2
272.9,273.1,273.1,273,273.2,273.5,273.8,274,274.3,274.4,274.6,274.9,275.1,275.3,275.4,275.4,275.4,275.4,275.4,275.3,275.3,275.1,275,274.9,274.7,274.5,274.4,274.4,274.2,274,274,274.1,274.3,274.5,274.6,274.7,274.9,275,275,275,275.2,275.4,275.5,275.7,275.8,276.2,276.9,277.4,277.8,278.2,278.8,279.2,279.6,280.1,280.4,280.6,280.9,281.2,281.4,281.9,282.2,282.2,282.7,283,283.1,283.1,283.1,283,282.8,282.7,282.6,282.5,282.4,282.4,282.3,282.1,281.9,281.6
273.2,273.5,273.2,273,273.3,273.7,274.2,274.1,274.2,274.6,274.7,274.8,274.9,275.1,275.2,275.2,275.3,275.2,275.2,275.2,275.2,275.2,275.3,275.3,275.4,275.4,275.6,275.7,275.7,275.7,275.6,275.6,275.6,275.7,275.8,275.9,276,276.1,276.1,276.1,276,276,276.1,276.2,276.4,277,277.2,277.9,278.4,279,279.4,279.8,280.2,280.4,280.7,281.1,281.4,281.6,281.8,282.4,282.6,283,283.4,283.6,283.7,283.7,283.7,283.6,283.3,283.2,283.1,283,282.9,282.8,282.8,282.6,282.4,282.2
272.5,272.7,273,273,272.9,273.5,274.3,274.3,274.2,274.8,274.8,274.9,274.9,274.9,275,275.1,275.2,275.4,275.5,275.6,275.7,275.7,275.6,275.4,275.2,275,274.9,275.2,275.8,276.3,276.6,276.8,276.9,277,276.9,277,277,277.1,277.2,277.3,277.5,277.6,277.6,277.7,277.9,278.2,278.4,279.1,279.4,279.7,280.1,280.2,280.4,280.7,281.3,281.7,281.9,282.1,282.4,282.9,283.2,283.6,284,284.2,284.3,284.2,284.1,284,283.8,283.7,283.6,283.5,283.4,283.4,283.3,283.1,282.8,282.7
272.7,272.6,272.7,273.4,273.5,273.8,274.3,274.6,274.4,275,275.3,275.4,275.5,275.8,276,276,276.2,276.5,276.9,277.3,277.5,277.6,277.5,277.5,277.4,277.3,277.2,277,276.8,276.7,276.8,277.1,277.6,277.9,277.9,277.9,277.9,277.9,278.1,278.2,278.3,278.4,278.7,278.8,279,279.2,279.4,279.6,280,280.2,280.2,280.5,280.8,281.5,281.9,282.1,282.3,282.6,283,283.4,283.8,284.4,284.6,284.7,284.8,284.7,284.6,284.4,284.3,284.2,284.1,284,284,283.9,283.8,283.5,283.2,282.9
273.5,273.5,273.7,274.1,273.9,274.1,274.3,274.9,274.6,274.9,275.3,275.6,276.1,276.2,276.5,277.1,277.9,278.6,279.2,279.9,280.5,280.7,280.5,280.1,279.8,279.5,279.2,278.8,278.4,278.2,278.1,278.1,278.2,278.3,278.5,278.6,278.8,278.8,278.7,278.7,278.8,279,279.1,279.4,279.6,279.8,280,280.2,280.5,280.4,280.7,281,281.5,282,282.2,282.4,282.8,282.9,283.5,283.9,284.6,285,285.1,285.2,285.2,285.1,285,284.8,284.7,284.6,284.6,284.5,284.4,284.3,284.1,283.8,283.5,283.2
274.4,274.6,274.7,274.8,274.5,274.6,274.8,275.1,275.1,275.1,275.2,275.5,276,276.8,277.7,278.3,279.1,279.4,280,280.6,281,281.5,281.7,281.7,281.6,281.7,281.3,280.7,280.1,279.5,279.1,278.8,278.9,279.1,279.2,279.4,279.4,279.6,279.8,279.8,279.7,279.7,279.8,280.1,280.3,280.3,280.5,280.6,280.6,280.9,281.3,281.6,282,282.2,282.4,282.7,283.1,283.4,284.1,284.7,285.4,285.5,285.6,285.6,285.6,285.5,285.3,285.2,285.2,285.2,285.2,285,284.9,284.7,284.5,284.1,283.7,283.4
274.7,275,275.2,275.1,275,275.2,275.5,275.5,275.6,275.8,275.8,276,276.6,277.5,278.5,279.3,279.9,280.5,281,281.3,281.8,282.3,282.6,282.6,282.5,282.5,282.5,282.4,281.8,281.1,280.5,280.1,279.7,279.8,280,280.1,280.3,280.2,280.3,280.5,280.6,280.6,280.7,280.8,280.9,280.9,281,281.2,281.3,281.4,281.7,282.1,282.3,282.5,282.7,283.3,283.5,284,284.7,285.5,285.8,286,286.1,286.1,286.1,285.9,285.8,285.8,285.8,285.8,285.8,285.6,285.3,285.1,284.8,284.3,284,283.8
275.5,275.7,275.8,275.9,275.9,276.1,276.3,276.4,276.4,276.4,276.7,276.8,277.1,278,278.9,279.7,280.5,281.4,282,282.2,282.8,283.3,283.5,283.4,283.4,283.5,283.4,283.2,282.9,282.3,282.1,281.6,280.9,280.7,280.8,280.9,281,281.1,281.1,281,281.2,281.3,281.4,281.5,281.6,281.6,281.6,281.7,281.8,282,282.2,282.7,282.5,282.8,283.2,283.8,283.9,284.8,285.6,286.1,286.3,286.5,286.5,286.5,286.5,286.4,286.3,286.3,286.4,286.4,286.3,286.1,285.7,285.5,285.1,284.7,284.3,284.1
276.7,276.8,276.9,277,277.1,277.2,277.2,277.1,277.2,277.4,277.7,277.9,278.1,278.6,279.2,280.2,281.3,282.1,282.8,283.5,284,284.2,284.4,284.2,284.2,284.2,284.1,283.9,283.6,283.2,283.1,282.8,282.3,281.9,281.4,281.8,281.8,281.8,281.8,281.7,281.7,281.9,282,282.2,282.2,282.2,282.2,282.3,282.4,282.5,282.7,282.8,282.9,283.2,284.1,284.1,284.6,285.7,286.4,286.6,286.8,286.9,287,287.1,286.9,286.9,286.9,286.9,286.8,286.7,286.5,286.2,285.9,285.6,285.4,285.1,284.9,284.6
277.7,277.8,277.8,277.8,277.8,277.8,277.9,278.1,278.3,278.5,278.8,279.1,279.3,279.7,280.4,281.3,282.3,283.1,283.7,284.7,284.9,285,284.9,284.8,284.9,284.9,284.8,284.5,284.2,284,284,283.6,283.2,283.2,282.8,282.6,282.4,282.4,282.5,282.4,282.4,282.4,282.5,282.6,282.8,282.8,282.9,282.9,282.9,282.9,282.8,282.7,283,283.8,284.6,284.5,285.5,286.7,287,287.2,287.2,287.4,287.4,287.4,287.4,287.4,287.3,287.2,287,286.8,286.6,286.3,285.9,285.6,285.5,285.4,285.2,284.9
279,278.9,278.8,278.7,278.7,278.9,279.1,279.2,279.4,279.6,280,280.4,280.9,281.4,282,282.9,283.5,284.3,285.3,285.5,285.6,285.5,285.3,285.4,285.4,285.5,285.4,285.1,285,284.7,284.7,284.4,283.9,283.9,283.8,283.5,283.1,283,283,283,283,282.9,282.9,282.9,283,283.1,283.1,283.3,283.3,283.2,283.3,283.4,283.8,284.6,284.9,285.3,286.7,287.3,287.6,287.6,287.7,287.9,287.8,287.8,287.8,287.7,287.6,287.4,287.1,286.9,286.7,286.4,286.1,285.9,285.8,285.7,285.5,285.3
280.6,280.7,280.5,280.2,280,280.1,280.4,280.6,281.3,281.4,281.2,281.3,282.3,283.1,283.8,284.7,285.9,286.5,286.4,286.4,286.2,286,286,286,286,286.1,286,285.7,285.6,285.5,285.1,285.1,285,284.4,284.4,284.2,283.9,283.7,283.5,283.5,283.4,283.4,283.3,283.4,283.4,283.4,283.5,283.7,283.6,283.6,283.9,284.1,284.4,285.2,285.7,286.5,287.7,287.9,288.1,288.1,288.2,288.3,288.4,288.3,288.1,288,287.8,287.6,287.3,287.1,286.9,286.7,286.4,286.3,286.2,286,285.9,285.8
282.6,282.2,281.4,280.9,281.4,282.3,282.7,282.7,282.5,283.8,285.5,285.5,285.4,285.7,286.4,287.1,287.4,287.3,287.5,287.2,286.8,286.7,286.8,286.7,286.6,286.7,286.5,286.3,286.2,286.2,285.7,285.5,285.7,285.3,285,284.8,284.6,284.3,284.1,284.1,284,284,283.9,283.9,284,283.9,283.9,284,284.3,284.4,284.6,284.9,285.7,286.1,286.5,288.1,288.2,288.5,288.6,288.6,288.7,288.8,288.8,288.7,288.5,288.3,288.1,287.7,287.5,287.3,287.1,286.9,286.7,286.6,286.5,286.4,286.3,286.2
283.4,283.8,283.4,283.6,282.3,282.4,283.6,284.2,285.4,285.5,285.4,285.6,286.7,287.4,287.5,288,288.1,288.4,288.3,288,287.8,287.9,287.7,287.4,287.2,287.1,287.1,286.9,286.9,286.7,286.3,285.8,285.6,285.8,285.7,285.3,285,284.9,284.8,284.7,284.7,284.6,284.6,284.6,284.5,284.4,284.5,284.7,285,285.3,285.7,286.2,286.3,286.8,288.4,288.6,288.9,289,289,289.1,289.2,289.1,289,288.9,288.8,288.5,288.2,288.1,287.7,287.5,287.3,287.2,287,286.9,286.8,286.6,286.6,286.6
282.6,283.2,283.3,283.9,284.4,284.5,284.9,285.2,285.4,285.6,286,287.1,287.6,288,288.7,288.8,289,289.1,289.1,289,288.8,288.7,288.4,288.1,287.9,287.8,287.7,287.5,287.5,287.4,286.9,286.6,286,285.8,286,285.9,285.5,285.3,285.4,285.4,285.4,285.4,285.4,285.4,285.3,285.3,285.4,285.6,285.9,286.2,286.6,286.9,287.4,288.5,289.1,289.3,289.5,289.6,289.6,289.7,289.5,289.3,289.2,289,288.9,288.6,288.5,288.3,288,287.8,287.6,287.4,287.3,287.2,287.1,287.1,287,287
283.1,283.7,284.2,284.6,284.7,285.1,285.6,285.9,286.2,286.7,287.5,287.8,288.3,289.3,289.4,289.4,289.7,289.8,289.9,289.8,289.5,289.4,289.1,288.8,288.6,288.4,288.2,288.1,288,287.8,287.4,287,286.7,286.4,286.2,286.1,285.9,285.8,285.9,285.9,285.9,286,285.9,286,286.1,286.2,286.3,286.5,286.8,287,287.3,287.7,288.6,289.4,289.7,290,290.1,290.2,290.2,290.1,290,289.6,289.4,289.3,289.2,289,289,288.6,288.3,288.1,288,287.8,287.6,287.5,287.3,287.3,287.3,287.3
284,284.2,284.8,285.2,285.8,286.5,286.8,287.2,287.6,288,288.3,288.6,289.8,290,290,290.2,290.2,290.4,290.5,290.3,290.1,289.9,289.7,289.5,289.3,289,288.7,288.5,288.4,288.1,287.7,287.4,287.3,287.2,287,286.7,286.4,286.4,286.4,286.4,286.4,286.4,286.5,286.5,286.6,286.7,286.9,287.2,287.4,287.7,288.1,288.8,289.7,290,290.4,290.6,290.6,290.7,290.7,290.6,290.5,290.3,290,289.9,289.7,289.5,289.3,288.9,288.7,288.5,288.4,288.4,288.1,287.9,287.7,287.6,287.6,287.6
285.1,285.7,286,286.1,286.3,286.8,287.2,287.9,288.5,288.8,289.4,290.1,290.5,290.4,290.6,290.5,290.7,291,290.8,290.6,290.5,290.4,290.2,290.1,289.9,289.5,289.3,289,288.8,288.5,288.2,287.9,287.8,287.6,287.5,287.4,287.3,287.1,287.1,287,287,287,287.1,287.2,287.3,287.5,287.7,287.9,288.2,288.5,289,290.1,290.3,290.6,290.9,291.1,291.2,291.4,291.4,291.4,291,290.6,290.4,290.2,289.9,289.7,289.6,289.4,289.3,289.2,289,288.8,288.5,288.3,288.4,288.4,288.3,288.1
286.1,286.1,286.5,287.4,288,288.4,288.7,288.8,289.1,290,290.6,290.9,290.9,291.2,291,291.2,291.6,291.4,291.2,291,291,290.9,290.7,290.6,290.4,290,289.8,289.5,289.2,288.9,288.7,288.5,288.3,288.2,288.1,288.1,288.1,288.1,288,287.9,287.8,287.9,287.9,288,288.2,288.4,288.6,288.8,289.1,289.3,290.4,290.6,291.1,291.3,291.5,291.7,291.8,291.8,291.9,291.9,291.8,291.7,291.3,290.9,290.7,290.6,290.5,290.4,290,289.7,289.4,289.3,289.4,289.4,289.3,289.2,289,289
287.3,287.9,288.3,288.5,288.8,289.2,289.5,290,290.7,291.2,291.4,291.6,291.8,291.6,291.9,292.4,292.2,291.9,291.8,291.6,291.6,291.4,291.3,291.2,291.1,290.6,290.4,290.1,289.8,289.5,289.2,289.1,289,288.9,288.9,288.9,288.9,288.8,288.8,288.8,288.8,288.8,288.9,289.1,289.2,289.4,289.6,290,289.9,290.7,291.5,291.7,291.8,291.9,292.1,292.3,292.4,292.5,292.5,292.5,292.2,291.9,292.1,291.9,291.7,291.4,291.3,291.1,290.7,290.6,290.4,290.4,290.4,290.4,290.4,290.4,290.3,290.1
288.4,288.6,288.8,289.3,289.7,290.1,290.8,291.4,291.6,292.1,292.4,292.4,292.5,292.7,293.3,293,292.8,292.6,292.4,292.4,292.4,292.2,292.1,291.9,291.8,291.5,291.1,290.7,290.4,290.1,289.9,289.7,289.6,289.6,289.6,289.6,289.7,289.6,289.6,289.5,289.5,289.6,289.7,289.9,290.1,290.4,290.7,291.2,292.3,292.4,292.1,292.4,292.4,292.4,292.6,292.9,292.9,292.9,292.9,292.8,292.7,292.7,292.5,292.4,292.2,292.1,291.9,291.7,291.6,291.4,291.2,291.2,291.2,291.2,291,290.8,290.7,290.5
289.6,289.9,290.3,290.6,291.1,291.6,292,292.4,292.9,293.2,293.3,293.2,293.5,294.1,294,293.7,293.5,293.3,293.2,293.2,293.2,293.1,293.1,292.8,292.6,292.1,291.8,291.5,291.2,290.9,290.6,290.5,290.4,290.3,290.3,290.3,290.4,290.4,290.3,290.3,290.4,290.6,290.7,290.9,291.2,291.7,292.6,293.3,293.1,293.3,293.1,292.8,292.8,293,293.2,293.4,293.3,293.4,293.3,293.3,293.3,293.4,293.2,293.1,292.9,292.6,292.4,292.3,292.2,292.1,291.9,291.7,291.5,291.3,291.2,291.2,291.1,291
290.5,290.8,291.2,291.6,292.1,292.5,293,293.6,293.7,293.8,293.8,294.2,294.8,294.8,294.6,294.3,294.1,294,293.9,293.9,294,293.9,293.8,293.5,293.3,292.8,292.7,292.6,292.1,291.7,291.5,291.3,291.3,291.3,291.3,291.3,291.4,291.4,291.4,291.5,291.6,291.7,291.9,292.5,293,293.6,294,293.8,293.7,293.8,293.4,293.2,293.5,293.9,294,293.9,293.8,293.8,293.6,293.7,293.8,293.7,293.5,293.5,293.5,293.2,293,292.8,292.6,292.3,292.1,291.9,291.8,291.6,291.5,291.4,291.3,291.2
291.3,291.7,292.2,292.8,293.2,293.8,294.1,294.1,294.3,294.5,295,295.6,295.5,295.3,295,294.7,294.6,294.6,294.6,294.7,294.6,294.4,294.3,294.4,294.1,293.8,293.7,293.6,293.4,292.8,292.4,292.2,292.2,292.1,292.4,292.2,292.2,292.4,292.4,292.5,292.9,293.2,293.7,294.2,294.4,294.4,294.4,293.9,293.8,293.9,293.8,293.8,294.2,294.7,294.8,294.6,294.3,294.3,294.2,294.2,293.9,294,294,293.9,293.8,293.6,293.3,293,292.7,292.4,292.2,292.2,292.1,291.9,291.6,291.5,291.4,291.3
292.4,292.8,293.4,294,294.5,294.5,294.5,294.8,295,295.8,296.4,296.1,295.7,295.5,295.3,295.2,295.1,295.1,295.2,295.3,295.1,294.9,295.1,295.1,294.9,294.8,294.8,294.7,294.3,293.8,293.5,293.4,293.2,293.2,293.5,293.5,293.7,293.8,294.2,294.5,294.7,294.9,294.9,295,294.8,294.7,294.4,293.9,294,294.1,294.2,294.4,294.8,295.1,295.3,295.3,295,294.8,294.8,294.7,294.6,294.4,294.3,294.3,294.1,293.8,293.4,293.1,292.9,292.7,292.6,292.5,292.3,292,291.6,291.3,291.6,291.6
293.5,294.1,294.6,294.8,294.9,295.1,295.4,295.6,296.5,297,296.6,296.2,295.9,295.8,295.6,295.5,295.4,296,296,295.9,295.7,295.6,295.6,295.7,295.7,295.7,295.6,295.5,295.3,294.9,294.7,294.5,294.5,294.4,294.6,294.8,295.1,295.3,295.4,295.4,295.4,295.4,295.5,295.6,295.3,295.2,295,294.7,294.6,294.6,294.7,295,295.1,295.3,295.7,295.8,295.7,295.5,295.2,295,295,294.9,294.9,294.7,294.3,294,293.7,293.4,293.2,293.1,293,292.8,292.5,292.2,291.9,291.8,291.9,292
294.8,294.9,295.1,295.3,295.7,296,296.2,297,297.2,297,296.6,296.2,296.1,295.9,295.9,295.9,296.1,296.6,296.6,296.5,296.4,296.2,296.3,296.5,296.5,296.3,296.2,296.2,296,295.8,295.6,295.5,295.5,295.5,295.6,295.6,295.7,295.7,295.7,295.9,296,296.2,296.4,296.4,296,295.8,295.6,295.4,295.4,295.4,295.4,295.6,295.4,295.4,295.9,296.1,296,295.8,295.8,295.7,295.5,295.3,295.4,295,294.8,294.4,294,293.7,293.5,293.4,293.2,293,292.8,292.5,292.3,292.1,292.3,292.4
295.3,295.4,295.7,296.3,296.5,296.8,297.4,297.1,297.1,296.9,296.6,296.4,296.3,296.5,296.7,296.7,296.7,297.2,297.3,297,296.9,296.9,297,297,296.7,296.7,296.8,296.8,296.6,296.4,296.3,296.2,296.3,296.2,296.2,296.2,296.2,296.2,296.5,296.6,296.8,297,297.1,297,296.7,296.6,296.2,296,296.1,295.8,296,295.9,295.7,295.9,295.9,296.1,296,295.9,296,296,296,295.7,295.6,295.5,295.1,294.8,294.4,294.1,293.9,293.8,293.6,293.4,293.2,292.9,292.5,292.4,292.5,292.7
296.2,296.5,296.7,297.1,297.7,297.6,297.3,297.4,297.1,297.1,297,296.9,297.1,297.5,297.5,297.4,297.5,297.8,297.8,297.5,297.5,297.6,297.8,297.6,297.2,297.3,297.3,297.2,297,296.9,296.8,296.8,296.7,296.7,296.6,296.6,296.7,296.9,297.1,297.3,297.4,297.5,297.4,297.3,297.2,297.3,296.9,295.8,295.2,296.5,296.3,296.3,296.3,296.4,296.6,296.3,296,296,296.1,296,295.9,296.1,295.9,295.7,295.5,295.1,294.9,294.7,294.4,294.1,294,294,293.6,293.3,293.1,292.9,292.7,292.5
