data/1800-temp.json
{"header": {"discipline":0,"disciplineName":"Meteorological products","gribEdition":2,"gribLength":35415,"center":7,"centerName":"US National Weather Service - NCEP(WMC)","subcenter":0,"refTime":"2014-03-10T12:00:00.000Z","significanceOfRT":1,"significanceOfRTName":"Start of forecast","productStatus":0,"productStatusName":"Operational products","productType":1,"productTypeName":"Forecast products","productDefinitionTemplate":0,"productDefinitionTemplateName":"Analysis/forecast at horizontal level/layer at a point in time","parameterCategory":0,"parameterCategoryName":"Temperature","parameterNumber":0,"parameterNumberName":"Temperature","parameterUnit":"K","genProcessType":2,"genProcessTypeName":"Forecast","forecastTime":21,"surface1Type":103,"surface1TypeName":"Specified height level above ground","surface1Value":2,"surface2Type":255,"surface2TypeName":"Missing","surface2Value":0,"gridDefinitionTemplate":0,"gridDefinitionTemplateName":"Latitude_Longitude","numberPoints":65160,"shape":6,"shapeName":"Earth spherical with radius of 6,371,229.0 m","gridUnits":"degrees","resolution":48,"winds":"true","scanMode":0,"nx":360,"ny":181,"basicAngle":0,"subDivisions":0,"lo1":0,"la1":90,"lo2":359,"la2":-90,"dx":1,"dy":1}, "data":
[rows 105 to 139 of 181, columns 234 to 311 of 360]
299.2,299.3,299.3,299.2,299.2,299.3,299.1,298.9,298.8,298.8,298.5,298.3,298.5,298.4,298.3,298.1,298,298,297.9,297.4,297.3,297.1,297,297,296.9,296.8,296.7,296.7,296.8,296.9,297,296.9,296.8,296.6,296.4,296.4,296.4,296.4,296.4,296.5,296.5,296.7,296.7,296.8,296.7,296.6,296.4,296.1,295.8,295.6,295.7,292.5,282.4,276.8,275.6,276.7,281.1,277.9,292,294.6,295.2,296.4,295.9,295.5,295.6,296.8,295,294.2,294.6,295.5,295,293.4,293.3,294,294.5,294.4,292.6,292.2
299.2,299.1,299.3,299.2,299.1,299.1,299.1,299,298.7,298.6,298.4,298.2,298.5,298,298,298,298,297.5,297.4,297.3,297.2,297.1,296.9,296.9,296.7,296.6,296.5,296.5,296.5,296.5,296.5,296.5,296.2,296.1,296,296.1,296.2,296.2,296.2,296.2,296.3,296.2,296.2,296.2,296.3,296.4,296.3,295.8,295.8,295.5,295.8,295.3,293.5,287.1,279.8,276.7,277.4,275.7,284.1,290.4,293.8,295.5,296,294.8,295.3,295.3,296.1,295.4,295.6,296,296.1,294.5,294.2,294.1,294.3,293.7,291.9,291.5
299.4,299.1,299,299.2,299.1,298.9,299.1,299.1,298.9,298.6,298.3,298.2,298.1,297.8,297.7,297.7,297.5,297.4,297.5,297.3,297.1,297,296.8,296.9,296.6,296.5,296.4,296.3,296.3,296.2,296.1,296.1,296,295.9,296,295.9,295.9,295.9,295.8,295.7,295.7,295.8,295.7,295.8,295.9,296,296.3,296.3,295.7,295.5,295.4,295.7,296,296,293.2,286.1,276.1,281.7,281,281.9,284.5,294.1,295.1,295.4,294.1,294.9,294.8,296.1,296.7,296.3,296.5,294.8,293.8,293.7,292.9,292.8,292.8,291.5
299.3,299.1,299,298.9,298.9,298.8,298.6,298.9,298.9,298.6,298.4,298.2,297.9,297.8,297.7,297.6,297.4,297.3,297.2,297.1,297,296.8,296.8,296.8,296.7,296.5,296.4,296.3,296.2,296.3,296.1,296,295.9,295.9,295.8,295.6,295.6,295.6,295.7,295.7,295.6,295.5,295.5,295.6,295.8,295.8,295.8,296.1,296.1,295.7,295.5,295.5,295.5,295.6,295.6,293.5,285.2,275.8,279.4,279.5,283.4,287.7,288.4,294,294.6,294.5,294.4,294.6,295.6,297.1,297.1,295.3,294.8,292.7,293,293.4,293.5,292
299.5,299.3,299.2,298.9,298.9,298.6,298.6,298.6,298.9,298.6,298.5,298.1,297.9,297.8,297.7,297.5,297.4,297.2,297.1,297,296.8,296.7,296.6,296.7,296.6,296.5,296.3,296.2,296.3,296.3,296,295.8,295.8,295.7,295.7,295.6,295.7,295.6,295.5,295.2,295.3,295.2,295.2,295.3,295.3,295.5,295.8,295.7,295.7,295.8,295.5,295.2,295.2,295.2,295.2,295.2,290.2,274.3,282,280.6,280.3,286.3,289,294,294.3,295,294.9,295.2,295.6,297.1,297,295.1,295,293.5,293.7,294.2,293.6,292.6
299.6,299.4,299.3,299.2,299.1,298.7,298.6,298.8,298.9,298.7,298.6,298.2,297.8,297.7,297.7,297.4,297.4,297.3,297.1,296.9,296.6,296.7,296.4,296.3,296.5,296.5,296.2,296.2,296.1,296,295.9,295.9,295.8,295.8,295.7,295.6,295.6,295.4,295.2,294.9,294.8,294.9,294.8,294.9,294.9,294.7,294.7,295.1,295.4,295.4,295.3,295.3,294.8,294.5,294.8,294.1,291.7,275.7,281.3,281.5,282.3,282.3,287.4,293.2,293.4,295.6,295.6,295.9,296.5,295.6,296.3,294.7,294,295,295.1,295,294.5,293.3
299.4,299.6,299.4,299.3,299.2,299,298.7,298.6,298.9,298.6,298.7,298.2,297.8,297.7,297.8,297.3,297.3,297.2,297,296.8,296.7,296.6,296.4,296.3,296.3,296.4,296.2,296.2,296,296,296,295.9,295.8,295.7,295.6,295.5,295.3,295.1,294.8,294.5,294.4,294.2,294.1,294.1,294.1,294.2,294.3,294.1,294.4,294.7,294.7,294.9,295,294.8,294.6,293.6,291,280.6,278.6,281.4,280.3,284.5,287.9,293.4,293.9,296,295.7,296.4,296.1,294.2,293.7,293.7,294.5,294.9,295.2,294.7,294.5,293.7
299.3,299.5,299.4,299.5,299.3,299.1,298.9,298.6,298.5,298.7,298.6,298.1,297.9,297.9,297.8,297.4,297.3,297.1,297,296.8,296.7,296.5,296.5,296.5,296.3,296.4,296.3,296.2,296,295.9,295.9,295.8,295.7,295.6,295.5,295.1,295,294.8,294.5,294.3,294,293.8,293.7,293.6,293.5,293.5,293.5,293.4,293.5,293.6,293.7,293.9,294.3,294.5,294.2,292.7,287.3,281.5,270.7,274.5,280.8,278.7,290.1,293.1,293.9,295,294.9,295.2,295,294.6,293.6,293.6,294.2,294.3,294.2,293.9,293.8,294.2
298.9,299.1,299.3,299.6,299.3,299.1,298.6,298.4,298.3,298.4,298.7,298.4,298.1,297.8,297.5,297.3,297.2,297,296.9,296.9,296.7,296.5,296.4,296.5,296.4,296.3,296.3,296.2,296.2,295.9,295.8,295.6,295.6,295.7,295.2,295,294.8,294.6,294.3,294,293.9,293.8,293.8,293.6,293.4,293.1,292.9,292.7,292.7,292.6,292.6,292.8,292.8,292.9,293.2,292.2,287.2,282.8,276,274.1,278.9,281.2,292.8,293,293.7,293.6,293.4,293.9,293.5,293.8,293.9,293.2,293.6,292.9,292.8,293,292.6,290
298.4,298.6,298.8,299.3,299.5,299,298.9,298.5,298.1,297.9,298.4,298.2,298.1,297.9,297.6,297.5,297.5,297.3,297.1,297,296.7,296.6,296.5,296.4,296.5,296.4,296.2,296.3,296.2,296,295.8,295.7,295.8,295.4,295.1,294.9,294.6,294.4,294.2,293.9,293.8,293.7,293.6,293.4,293.2,292.9,292.4,292.4,292,292.1,292.1,292.3,292,292.2,292.4,292.2,287.3,282.5,275.4,274,278.6,289.2,292.3,292.5,293,293.3,293.4,293.3,293.6,293,292.7,292.5,292.6,291.9,291.9,289.8,290.4,289.7
298.3,298.2,298.3,298.4,298.8,298.8,299,299,298.3,298.3,298,298.1,298.2,298,297.6,297.5,297.4,297.3,297.4,297,296.7,296.7,296.5,296.5,296.5,296.4,296.3,296.4,296.2,296,296,295.7,295.4,295.4,295.1,294.7,294.4,294.2,294.2,293.9,293.8,293.7,293.6,293.3,292.9,292.6,292.2,292.1,292,291.9,291.9,292,291.8,291.8,291.7,291.3,284.8,275.1,275.2,274,280.1,288,291.9,292,292,292,292.6,293.5,293.1,292.4,291.6,291.1,291.3,290.1,288.1,286.1,289.9,289.1
297.7,297.5,297.4,297.5,297.6,298,298.6,298.9,298.8,298.1,298,297.8,298.1,297.9,297.7,297.6,297.5,297.3,297.3,297.1,297.1,297,296.8,296.6,296.7,296.6,296.5,296.5,296.3,296.2,295.8,295.9,295.7,295.2,294.9,294.6,294.1,294.2,294.2,293.9,293.8,293.7,293.4,293.2,292.9,292.3,292.1,291.9,292,291.7,292,291.7,291.6,291.5,290.8,290.7,286.1,268.4,272.8,269.2,281.7,289.7,292.2,291.8,290.1,291.5,291.8,293.4,293,291.7,290.6,288.9,289.9,289,286.6,284.2,286.5,291.5
297.3,297.2,296.9,296.8,296.8,297.1,297.5,298.6,298.9,298,297.8,297.9,298.1,298.1,297.9,297.7,297.6,297.4,297.3,297.2,297.3,297.1,297,296.9,297,296.7,296.7,296.4,296.4,296.1,295.8,295.8,295.4,295.2,295,294.4,294.4,294.4,294.4,294.1,293.9,293.7,293.5,293.2,292.8,292.4,292.2,291.7,292,291.6,291.8,291.5,291.6,291.4,290.9,290.5,283.2,259.9,274.4,278.5,279.2,290.6,291.5,290.9,288.8,288.9,292,292,292.3,291.1,290,286.4,285.6,288.5,287.3,285.2,288.4,291.5
297,296.8,296.5,296.5,296.5,296.6,297.5,298.3,298.6,297.9,297.6,298,298.1,297.9,297.8,297.6,297.6,297.5,297.4,297.3,297.3,297.1,297,296.9,297,296.8,296.7,296.5,296.5,295.7,295.6,295.4,295.4,295.1,294.8,294.5,294.6,294.7,294.5,294.1,293.9,293.8,293.4,293.1,292.9,292.5,292.3,292,292,291.6,291.7,291.4,291.4,291.2,290.8,289.6,280.2,268.1,279.5,291.8,283,287.4,288.8,288.4,288.3,288.2,288.1,288.4,288.7,289.5,288.9,289.3,286.3,284.4,283.9,283.1,286.6,290
296.6,296.4,295.9,295.9,296.2,296.4,297.4,298,298.2,297.7,297.6,297.9,297.7,297.8,297.5,297.3,297.5,297.4,297.4,297.3,297.2,297.2,297.1,297,296.8,296.7,296.7,296.7,296.2,295.8,295.6,295.3,294.9,294.7,294.4,294.7,294.9,294.8,294.6,294.3,294,293.7,293.5,293.3,293,292.7,292.5,292.2,292,291.8,291.7,291.4,291.2,291.1,290.2,285.5,276.2,276.7,281.3,283.2,291,289.7,289.1,288.2,288,287.9,287.2,286.9,286.9,288.2,289.3,288.3,287.7,286.7,286.5,286.1,288.6,296.6
296.2,295.8,295.3,295.5,296.1,296.4,297,297.4,297.6,297.4,297.5,297.4,297.4,297.3,297.2,297.2,297.1,297.1,297,297,296.9,296.7,296.5,296.3,296.5,296.3,296.3,296.2,295.7,295.6,295.1,294.8,294.6,294.5,294.7,294.9,294.8,294.9,294.9,294.6,294.4,294,293.7,293.4,293.1,292.8,292.6,292.3,292.1,291.9,291.6,291.3,291.2,290.8,290.3,286.9,273.1,284.5,289.9,289.7,291.7,291,283.8,288.1,287.7,287.6,287,286.9,286.3,287.9,288.3,287.2,287.3,289.7,289.5,290.6,296.2,298.3
295.9,295.6,295.4,295.7,296.1,296.4,296.6,297,296.9,296.8,296.9,296.8,296.7,296.6,296.6,296.6,296.5,296.6,296.5,296.5,296.4,296.3,296.2,296.1,295.9,296,295.8,295.6,295.4,295,294.7,294.3,294.2,294.3,294.7,294.8,295,295.1,294.9,294.6,294.3,294.1,293.8,293.6,293.4,293.1,292.7,292.3,292.1,291.9,291.7,291.4,290.9,290.8,290.2,288.5,274.3,284.2,291,288.8,289.8,285.1,284.1,286.8,286.2,286.3,286.4,285.8,287.7,287.3,286.4,286.6,286.1,287,290,295.3,297.4,298
295.5,295.5,295.5,295.7,295.9,296.1,296.2,296.4,296.3,296.2,296.2,296.1,296,296,295.9,295.9,295.9,296,296.1,296,296.1,295.7,295.5,295.3,295.1,295,294.9,294.8,294.5,294.3,294,293.9,294,294.3,294.4,294.5,294.6,294.6,294.6,294.4,294.2,294.1,293.7,293.5,293.3,293,292.7,292.4,292.1,291.9,291.6,291.2,290.8,290.5,289.6,285.8,274.4,282.7,294.2,290.4,288.5,283.2,285.6,286.1,284.1,283.6,283.5,282.8,282.3,284.1,285.5,286,285.9,287.9,292.4,296,296.2,296.8
295,295.1,295.2,295.3,295.2,295.5,295.8,295.8,295.6,295.7,295.7,295.5,295.4,295.2,295.2,295.2,295.3,295.4,295.7,295.5,295.5,295.2,295,294.7,294.4,294.1,293.9,293.7,293.6,293.4,293.1,293,293,293.5,294,294.3,294.4,294.4,294.3,294.1,293.9,293.7,293.5,293.3,293.1,292.9,292.7,292.2,292,291.8,291.4,290.9,290.5,290.1,289.3,283.4,271.2,286.2,291.8,290,284.3,286.2,286.1,284.3,283.7,282.7,284.3,282.3,281.4,283.5,284.7,285.2,286.7,290.9,294.4,295.1,295.5,295.8
294.4,294.6,294.5,294.6,294.6,294.9,295.2,295,295.1,295.2,295,294.9,294.7,294.6,294.6,294.7,294.8,294.9,295.2,295.2,294.9,294.5,294.3,294,293.7,293.4,293.1,292.9,292.8,292.8,292.2,292.5,293.4,294.2,294,294,294.1,294,294,293.9,293.6,293.4,293.1,293,292.8,292.5,292.2,292,291.7,291.5,291.1,290.4,289.9,289.3,288.7,283.1,272.8,286.8,292.2,292.2,290.1,288.8,286.2,284.8,284,283.8,284.1,283.1,282.9,283.2,283.9,284.8,287.3,293.9,294.2,294.6,294.8,295.1
293.8,293.9,293.9,293.9,294.1,294.4,294.6,294.8,294.8,294.4,294.3,294.2,294.1,294,294,294.1,294.2,294.3,294.6,294.7,294.4,294.2,293.8,293.7,293.4,293,292.6,292.3,292,292.1,292.2,292.9,293.7,294,293.7,293.7,293.7,293.8,293.7,293.6,293.3,293.1,292.8,292.9,292.7,292.3,291.9,291.8,291.6,291.2,290.9,290.1,289.4,289.1,285.4,282.4,276.4,287.6,291.7,292.3,290.4,287.8,286.4,285.5,284.4,283.8,284,284,285.2,292.4,291,291.2,293.3,293.7,294.2,294.5,294.4,294.5
293.4,293.3,293.4,293.5,293.6,293.8,294.2,294.5,294.3,293.9,293.7,293.6,293.5,293.4,293.5,293.6,293.7,293.8,294,294,293.9,293.7,293.3,293.2,292.9,292.6,292.3,291.9,291.7,292,292.5,293,293.2,293.1,293,292.8,292.9,293.2,293.2,293.2,293.1,293,292.6,292.4,292.2,291.9,291.7,291.8,291.5,290.9,290.4,289.9,289.3,288.3,285.5,278.9,279.1,285.1,289.6,291.4,289.8,288.8,287.4,286.1,285,283.9,284,283.9,283.9,291.4,292.8,292.6,292.6,293,293.5,294.2,294.3,294.3
292.8,292.8,292.9,293.2,293.3,293.5,293.6,293.9,293.7,293.5,293.3,293.2,293.1,293.1,293.1,293.1,293.2,293.3,293.3,293.3,293.2,293.2,293,293,292.8,292.4,292.2,292.2,292,291.9,292,292.1,292.3,292.4,292.5,292.6,292.7,292.5,292.8,292.9,292.8,292.6,292.3,292,291.8,291.7,291.5,291.3,291.2,291,290.3,289.3,288.7,283.5,283.3,279.5,282.3,288.2,290.6,290.9,290.9,289.7,288.9,286.8,286.1,284.5,283.5,283.2,282.8,285.8,292.3,291.7,291.9,292.5,292.9,293.5,294,294.1
292.1,292.1,292.2,292.5,292.9,293.2,293.1,293.1,292.9,292.8,292.7,292.7,292.6,292.5,292.5,292.5,292.6,292.6,292.7,292.8,292.8,292.7,292.7,292.6,292.6,292.4,292.3,292.2,292.2,292.2,292.1,292.1,292.1,292.1,292.2,292.3,292.2,292.3,292.5,292.4,292.3,292.1,291.9,291.6,291.4,291.1,291,290.9,290.8,290.6,290.1,289.3,288.6,285.6,282.8,277.5,285.5,290.5,291.9,292.3,292.1,291,289.8,287,284.8,286.9,286,284.8,282.6,290.3,291.4,290.8,291.1,291.6,292.3,292.9,293.5,293.6
291.7,291.5,291.6,291.7,291.9,292.5,292.6,292.4,292.2,292.1,292.1,292.1,292,292,292,291.9,291.9,292,292,292.1,292.1,292.2,292.2,292.1,292,291.9,291.8,291.7,291.8,291.8,291.9,291.9,291.8,291.7,291.6,291.5,291.6,291.9,292,291.8,291.7,291.5,291.3,291.1,290.9,290.8,290.7,290.6,290.5,290.3,289.7,288.8,288.3,287.4,284,280.7,286.3,289.4,290.4,290.5,291.5,292,292,290.5,291.5,291.8,291.6,291.3,290.8,291.3,290.7,290.1,290.3,290.6,291.4,292.2,293,293
291.3,291.2,291,291.1,291.2,291.4,291.7,291.7,291.5,291.5,291.5,291.6,291.5,291.5,291.4,291.3,291.4,291.4,291.4,291.5,291.5,291.5,291.5,291.5,291.4,291.3,291.3,291.2,291.2,291.1,291.1,291.2,291.2,291.1,291,290.9,290.9,291.3,291.3,291.1,290.9,290.8,290.5,290.4,290.2,290.1,290.1,290.2,290.2,290.1,289.9,288.9,288.3,285.8,282.1,282.2,285.6,284.1,286.6,290.7,290.8,291.7,291.8,291.6,294.3,295,294.2,292.6,291.5,290.8,289.9,289.6,289.6,289.8,290.5,291.1,291.8,292.1
290.6,290.6,290.5,290.5,290.6,290.7,290.8,290.8,290.9,290.9,290.9,291,291,291,290.9,290.8,290.7,290.7,290.7,290.9,290.9,290.9,290.9,291,290.9,290.7,290.6,290.5,290.5,290.5,290.4,290.3,290.3,290.3,290.2,290.1,290.1,290.4,290.3,290.2,290.1,289.9,289.8,289.6,289.6,289.5,289.5,289.7,289.8,289.5,289.3,288.6,287.5,285.4,280.4,281.4,282.3,284.3,285.1,285.4,288.8,292.3,292,292,293.7,294,293.4,292,291,290.1,289.4,289.1,289.2,289,289.4,290.3,290.8,291.2
289.9,289.9,289.9,289.8,289.9,289.9,289.9,289.9,290.1,290.2,290.2,290.4,290.3,290.2,290.2,290.2,290.1,290.1,290.2,290.3,290.2,290.2,290.1,290,290,289.9,289.7,289.6,289.6,289.7,289.7,289.6,289.4,289.3,289.3,289.2,289.2,289.4,289.4,289.3,289.2,289.2,289.1,288.9,288.8,288.8,288.9,289.1,289.2,289.1,288.7,288.2,287.1,287.4,280.2,281.1,281.1,278.4,279.6,285.3,287.5,291.7,292.6,292.9,292.8,292.6,292.3,291.1,290.2,289.5,289,288.8,289,288.7,288.4,288.7,289.5,290.2
289.1,289,289.1,289.1,289.1,289.1,289.1,289.1,288.9,289,289.1,289.3,289.3,289.3,289.4,289.5,289.3,289.2,289.2,289.3,289.3,289.2,289.2,289.1,289,288.9,288.8,288.7,288.7,288.7,288.7,288.6,288.5,288.2,288.2,288.2,288.3,288.3,288.4,288.4,288.3,288.2,288.3,288.2,288.2,288.1,288.2,288.5,288.5,288.5,288.3,287.8,285.3,286.5,279.5,280.2,279.3,281.9,283.5,289.6,289,290.4,291.2,291.5,291.3,291.1,291.1,290.2,289.5,289.1,288.8,288.7,288.8,288.6,288,287.8,288,288.6
287.9,288,288.2,288.4,288.4,288.4,288.3,288.3,288.3,288.2,288.2,288.2,288.2,288.2,288.2,288.2,288.2,288.2,288.1,288.1,288.1,288.1,288.1,288.1,288.2,288.2,288.2,288.1,288.1,288.1,288,287.7,287.4,287.3,287.3,287.3,287.3,287.4,287.6,287.6,287.4,287.4,287.5,287.5,287.4,287.5,287.6,287.7,287.8,287.8,287.7,287.5,287.1,283.5,279.3,279.7,281.4,284.2,285.3,286.5,286.1,290,290.8,290.5,290.2,290,290,289.3,288.8,288.6,288.7,288.7,288.7,288.3,287.8,287.5,287.4,287.5
287,287,287.2,287.3,287.4,287.4,287.4,287.2,287.1,287.2,287.3,287.3,287,286.9,287,287,287,287,287,287,287,286.9,286.9,287,287,287.1,287.2,287.2,287.2,287.1,287.1,286.9,286.7,286.7,286.7,286.7,286.7,286.6,286.6,286.5,286.4,286.4,286.4,286.5,286.6,286.6,286.7,286.8,286.9,287.1,287.2,287.3,283.6,280.9,278.8,279.8,281.8,284,284.5,285.8,289.2,290.3,290.2,290.1,289.8,289.2,288.8,288.3,288.1,287.9,288.2,288.6,288.6,288.2,287.6,287.2,287,286.9
286.1,286.1,286.2,286.3,286.4,286.4,286.5,286.3,286,285.9,285.9,285.9,285.9,285.7,285.8,285.9,285.6,285.6,285.6,285.6,285.7,285.7,285.7,285.9,286.1,286.1,286.3,286.4,286.4,286.4,286.4,286.3,286.1,286,285.9,285.8,285.8,285.7,285.6,285.4,285.4,285.3,285.4,285.4,285.4,285.5,285.7,285.8,285.9,286.2,286.4,285.1,281.8,277.8,277.6,278.8,282.1,283,283.8,289.3,290.1,289.9,289.7,288.9,288.3,288.4,288.1,287.2,287.1,287,287.2,288.1,288.3,287.9,287.3,286.9,286.6,286.4
285.4,285.3,285.3,285.4,285.4,285.4,285.5,285.4,285.2,285.2,285.3,285.3,285.3,285.4,285.4,285.5,285.5,285.6,285.4,285.1,285.2,285.4,285.5,285.5,285.6,285.5,285.6,285.8,285.8,285.7,285.8,285.7,285.6,285.4,285.2,285.2,285.1,284.8,284.6,284.5,284.4,284.4,284.4,284.3,284.3,284.2,284.2,284.2,284.4,284.6,284.9,284.5,278.2,275.7,275.2,277.8,280.3,282.1,285.1,286.9,289,289.5,289.2,287.9,287.3,286.8,286.7,286.1,285.9,285.9,286.3,287.2,287.7,287.4,286.9,286.4,286,285.7
284.7,284.6,284.6,284.7,284.7,284.7,284.7,284.6,284.5,284.5,284.5,284.5,284.6,284.7,284.9,284.9,284.9,284.9,285.1,285,284.9,284.9,284.9,284.9,284.9,285,285.1,285.2,285.3,285.2,285.2,285.2,285,284.8,284.7,284.6,284.1,283.7,283.7,283.7,283.6,283.5,283.2,283,282.9,282.9,282.9,283.1,283.4,283.7,284.1,281.8,279.9,277.2,275.5,278.5,277.9,279.4,284.6,284.8,286.4,287.2,287.2,286.9,286.6,285.8,285.4,285.2,285,284.9,285.1,286,286.5,286.5,286.3,285.8,285.4,285
284.1,284.1,284.2,284.1,284.1,284.2,284.2,284.1,284,284,283.9,283.9,283.9,284.1,284,284,284.1,284.2,284.5,284.6,284.5,284.4,284.4,284.5,284.5,284.6,284.7,284.8,284.8,284.7,284.6,284.5,284.4,284.4,284,283.6,283.3,283.3,283.2,282.8,282.3,282.1,282.1,282.2,282.2,282.3,282.4,282.6,282.8,282.9,283.1,279.2,274.9,273.7,274.9,280.2,281.5,283.1,283.2,285.1,285.8,286.2,286.1,286,285.7,285,284.5,284.4,284.2,284.1,284.1,284.7,284.9,285,284.9,284.8,284.5,284.2
