data/1800-temp.json
{"header": {"discipline":0,"disciplineName":"Meteorological products","gribEdition":2,"gribLength":35415,"center":7,"centerName":"US National Weather Service - NCEP(WMC)","subcenter":0,"refTime":"2014-03-10T12:00:00.000Z","significanceOfRT":1,"significanceOfRTName":"Start of forecast","productStatus":0,"productStatusName":"Operational products","productType":1,"productTypeName":"Forecast products","productDefinitionTemplate":0,"productDefinitionTemplateName":"Analysis/forecast at horizontal level/layer at a point in time","parameterCategory":0,"parameterCategoryName":"Temperature","parameterNumber":0,"parameterNumberName":"Temperature","parameterUnit":"K","genProcessType":2,"genProcessTypeName":"Forecast","forecastTime":21,"surface1Type":103,"surface1TypeName":"Specified height level above ground","surface1Value":2,"surface2Type":255,"surface2TypeName":"Missing","surface2Value":0,"gridDefinitionTemplate":0,"gridDefinitionTemplateName":"Latitude_Longitude","numberPoints":65160,"shape":6,"shapeName":"Earth spherical with radius of 6,371,229.0 m","gridUnits":"degrees","resolution":48,"winds":"true","scanMode":0,"nx":360,"ny":181,"basicAngle":0,"subDivisions":0,"lo1":0,"la1":90,"lo2":359,"la2":-90,"dx":1,"dy":1}, "data":
[rows 105 to 139 of 181, columns 78 to 155 of 360]
301.2,301,300.9,301.1,301.2,301.3,301.1,300.7,300.9,300.8,300.9,300.9,301.1,301,300.9,300.9,300.8,300.8,300.7,300.7,300.8,301,301.2,301.4,301.5,301.6,301.5,301.5,301.5,301.8,301.9,301.8,302,302,302,301.9,302.1,302.3,302.4,302.5,302.5,302.6,302.8,302.9,303,303.1,303.2,302.6,301.7,304.6,305.5,303.2,305.4,304.1,303,303.4,304.6,305.1,303.6,302.8,303.2,301.8,301.6,302.7,299.6,298.9,299.8,298.2,301.1,301.1,301.5,301.5,301.8,302,302.1,301.8,301.9,301.9
301.3,301,300.8,300.7,300.8,300.9,300.8,300.9,300.7,300.6,300.7,300.9,300.8,300.6,300.5,300.4,300.4,300.3,300.2,300.2,300.3,300.4,300.6,300.8,301,301.2,301.4,301.5,301.4,301.4,301.2,301.3,301.5,301.9,302,301.9,302.2,302.4,302.5,302.7,302.8,302.9,303.1,303.2,303.2,302.9,304.6,304.4,302.9,305.7,306.2,306.9,306.9,307.2,303.8,304.2,303.8,305.3,304.8,303.1,303.9,303.3,302.4,302.1,299.8,299.5,297.7,295.9,301.3,301.3,301.7,301.9,302,301.9,302,302,302,301.5
301.1,301,300.7,300.6,300.6,300.5,300.4,300.4,300.4,300.4,300.4,300.5,300.4,300.2,300.2,300.1,299.9,299.8,299.7,299.7,299.7,299.9,300,300.2,300.5,300.7,301,301.1,301.3,301.4,301.4,301.3,301.3,301.5,301.7,301.8,302.1,302.4,302.6,302.7,303,303.2,303.3,303.5,303.2,307.4,309.3,306,307.2,304,305.9,306.8,305.5,306.3,305.6,305.6,305,304.8,305.3,302.7,302,303.7,303.6,302.8,300.2,298.4,298.1,295.6,299.7,301.3,301.8,301.9,301.7,301.9,301.7,301.8,300.9,300.5
300.8,300.8,300.7,300.5,300.3,300.2,300.2,300.2,300.1,300,300.1,300.1,300.1,300,299.9,299.7,299.5,299.3,299.2,299.1,299.2,299.3,299.4,299.6,299.8,300,300.2,300.5,300.7,300.7,300.7,300.7,300.8,301,301.4,301.7,302,302.3,302.5,302.6,302.8,303.1,303.3,303.9,303.7,310,310.5,309.3,309.4,307.8,307.5,306,306.1,307.5,307.2,305.8,305.3,305.9,304.7,304.1,304.5,305.1,305.6,304.4,301.2,299.9,297.8,294.9,297.6,301.4,301.3,301.5,301.3,301,301.2,300.3,300.2,300.1
300.6,300.5,300.5,300.4,300.4,300.3,300.2,300,299.9,299.8,299.8,299.9,299.9,299.7,299.5,299.3,299.1,298.9,298.8,298.9,298.9,298.8,298.8,299,299.1,299.2,299.4,299.6,299.8,299.9,300,300.1,300.2,300.6,301,301.4,301.8,302,302.4,302.7,303.1,303.3,303.8,303.6,308.9,310.5,311.1,310.3,310.2,308.4,308,306.9,306.5,307.4,307.3,306.2,304.6,306,306.7,305.7,305.3,304.6,305.7,306,304.8,300.7,295.2,296.2,295.5,301.6,300.9,300.7,300.8,300.5,299.9,299.9,300.2,300.1
300.3,300.3,300.2,300.1,300.2,300.1,299.9,299.7,299.5,299.4,299.6,299.5,299.4,299.2,299,298.9,298.7,298.5,298.4,298.4,298.4,298.4,298.3,298.3,298.4,298.5,298.6,298.9,299,299.1,299.3,299.5,299.8,300.1,300.7,301.1,301.5,302.4,302.4,302.4,302.6,304.8,307.5,311.3,312.6,312.6,312,311.2,311.8,309.7,308.5,307.9,307.4,307.8,307.7,307.2,306.2,305.7,306,306.5,306.4,304.7,305,305.6,305.6,303,296.3,294.1,297.2,297.2,298.3,300.4,300.3,300,299.7,299.9,299.9,300
299.7,299.8,299.8,299.7,299.8,300,299.8,299.7,299.6,299.4,299.3,299.2,299,298.9,298.6,298.3,298.1,298,297.9,297.9,297.9,297.9,297.9,297.8,297.8,297.9,298,298.1,298.4,298.5,298.6,298.9,299.2,299.6,300.2,300.7,301.8,301.9,305.7,311,310.5,312,312.8,311.9,311.9,312.5,313.3,312.2,311.4,309.2,308.2,308.6,308.3,307.1,306.9,305.8,305.1,304.1,306,305.8,305.8,303.8,303.1,304.9,305.7,304.7,302.6,299.4,299.3,298.7,295.9,298.1,299.9,299.9,300.1,300.2,300.2,299.8
299.2,299.2,299.1,299.2,299.2,299.3,299.4,299.3,299.2,299.1,298.9,298.8,298.6,298.3,298.1,297.9,297.6,297.6,297.5,297.4,297.4,297.4,297.4,297.3,297.3,297.3,297.4,297.4,297.7,297.8,298,298.3,298.6,299.1,299.7,300.2,303.5,311.7,311.9,310.8,311.8,311.6,311.4,312,312.8,313.3,313.1,312,311.5,309.1,308.8,309,307.8,305.9,305.3,304.5,303.7,304.3,305,305.4,305.8,305.2,304.2,304.3,305,304.6,303.8,302.3,299.3,299.2,296.6,294.7,300,300.1,299.5,299.5,299.5,299.4
298.9,298.9,298.8,298.7,298.7,298.8,298.9,298.7,298.6,298.4,298.2,298.1,298.1,297.9,297.8,297.6,297.4,297.3,297.1,297,296.9,296.9,296.8,296.8,296.7,296.7,296.8,296.9,297,297.2,297.4,297.6,298,298.5,299.2,299.5,306.7,314.7,313.1,313,310.4,309.8,310.9,311.3,311.5,313.1,312.4,312.4,311.1,310.2,308.8,307.5,307.9,306.8,305.1,304.7,302.1,303,304.6,304.9,305.1,305.8,306,306,305.6,304.4,304.2,302.4,299.5,297.8,297.2,296.6,294.3,299.6,299.6,299.3,298.9,299.2
298.5,298.4,298.4,298.3,298.3,298.1,298.3,298.2,298.2,298,298.1,298,297.8,297.7,297.5,297.2,297.1,297.1,297,296.9,296.6,296.6,296.4,296.3,296.2,296.2,296.2,296.4,296.4,296.6,296.9,297.1,297.4,297.9,298.7,298.6,310.8,313.5,312.6,312,312.8,311.9,310.3,311,311,312,311.8,312,311.4,309.9,308.7,307.5,306.7,304.9,304,304.1,304.1,305.2,305.7,306.2,306.6,306.1,305.3,305.5,305.3,304.2,303.8,302.7,299.5,297,298.6,298,296.9,295.3,299.3,299.2,299,298.8
298.1,298,297.9,297.9,297.7,297.4,297.9,297.7,297.9,298,297.7,297.6,297.6,297.1,296.7,296.6,296.6,296.5,296.4,296.5,296.4,296.4,296.1,295.8,295.8,295.7,295.8,296,296,296.1,296.3,296.7,296.9,297.5,298,298.5,305.5,313.8,311.9,309.2,311.3,309.9,309.9,309.5,308.7,308.5,308.4,308.8,310.4,310.3,309.1,306.9,307.4,306.8,305.9,305.2,305.8,305.8,305.9,306.4,306.8,306.7,305.9,304.8,303.6,303.6,302.2,301.5,300.8,295.7,292.5,295.4,295.5,293.7,294.3,298.9,298.8,298.5
297.9,297.8,297.6,297.5,297.4,297.4,297.4,297.2,297.4,297.1,297.1,296.8,296.6,296.7,296.4,296.2,296.3,296.3,296.2,296,296,295.9,295.8,295.5,295.4,295.3,295.5,295.5,295.7,295.7,295.8,296.3,296.5,297,297.6,298.1,301.7,313.5,308.3,303.8,307.3,310.7,309.2,308.3,307.2,306.4,305.6,305.5,305.2,305.2,306.9,306.6,305.8,305.2,305.4,305.4,306.6,306.7,306.5,306.9,307.2,306.9,306.5,305.8,304.5,302.4,301.3,300.3,299.5,296.9,296.6,296.6,295.6,293.6,292.5,296,298.7,298.2
297.4,297.3,297.3,297.2,297.1,297.1,297.1,297,296.7,296.6,296.5,296.7,296.6,296.5,296.3,296.2,296.1,295.9,295.8,295.5,295.4,295.3,295.2,295.2,295.2,295.1,295.2,295.1,295.4,295.3,295.4,295.7,296,296.5,297.1,297.1,305.9,313.6,309.6,303.4,303,308.4,307.4,306,304.8,304.8,303.6,304.5,303.6,303.3,303.8,305,306.9,307.3,306.4,305.7,307.1,307.5,307.4,307.4,307.2,306.8,306.5,305.7,305.1,303.5,301.8,300.6,299.6,298.1,298.1,299,297.7,295,290.6,295,298.3,298
297.1,296.9,296.8,296.8,296.8,296.8,296.6,296.8,296.8,296.5,296.4,296.4,296.1,296,295.8,295.6,295.7,295.6,295.5,295.3,295,294.9,294.8,294.8,294.9,294.9,294.9,294.8,294.9,295,295.1,295.3,295.5,295.9,296.4,297.3,299.6,312.1,308.5,306.3,308.6,306.6,305.8,303.8,301.8,300.6,299.5,300.8,302.3,302.6,302.6,302.3,302.4,305.7,307.6,307.8,307.8,308.5,308.4,308.5,307.9,306.8,306.4,305.7,305,304,302.3,301.5,301.1,299.7,299.2,298.6,297.9,294.7,290.5,291.7,298,297.6
296.4,296.2,296.2,296.2,296.3,296.3,296.3,296.3,296.4,296.2,296.1,296,295.7,295.5,295.3,295.1,294.9,295,294.9,294.8,294.8,294.6,294.5,294.5,294.4,294.3,294.4,294.4,294.4,294.6,294.8,294.9,295,295.4,295.8,296.6,296.5,309.2,308.3,307.6,306.3,305.3,304.2,302.6,301.1,299.2,299.4,298.8,299.4,300.6,300.9,301.1,300.7,302.5,304.4,307.9,309.2,308.8,308.6,308.7,308.5,307.6,306.7,305.6,304.8,304.2,302.7,301.9,301.5,300.6,300.2,299.5,297.9,294.9,287.9,290.4,297.8,297.4
295.7,295.5,295.4,295.4,295.5,295.5,295.7,295.9,295.9,295.9,295.7,295.4,295.2,295,294.8,294.7,294.6,294.6,294.5,294.3,294.2,294.3,294,293.9,293.8,293.7,293.9,294,294,294.2,294.3,294.4,294.6,294.8,295,295.8,296,305.6,307.8,306.4,305.6,303.3,302.5,301.6,301.2,299.9,299.8,299.7,298.8,297.9,298.4,298.7,298.2,298.6,299.7,301.6,304.4,308.5,309,308.8,308,305.5,307.1,305.7,304.6,303.8,304,303.4,302.4,301.6,301.1,298.2,295.4,292.6,286.7,290.7,297.6,297.3
295.3,295,294.8,294.7,294.7,294.8,295.2,295.5,295.6,295.5,295.2,295,294.6,294.4,294.2,294.1,294,294,294,293.8,293.6,293.5,293.4,293.3,293.2,293.2,293.4,293.6,293.7,293.9,294,294.1,294.2,294.3,294.4,295,295.6,298.3,307,305.5,304.8,303.2,302,300.7,300.1,299.5,299.9,299.2,298.3,296.6,295.2,294.4,295.1,294.8,295.8,296.5,298,302.6,306.7,309,307.7,304.7,308,306.1,304.4,304.1,304.7,302.1,299.3,299.9,300,294.6,294.5,291.4,286.6,293.7,297.4,297.1
294.9,294.6,294.4,294.2,294.1,294.2,294.4,294.9,295.1,294.9,294.8,294.5,294.1,293.9,293.8,293.7,293.6,293.6,293.5,293.4,293.3,293.2,293,292.9,292.9,292.9,292.9,293.3,293.5,293.6,293.7,293.8,293.9,293.9,294,294.4,295.1,295.8,305.6,303.9,303.4,301,300,299.8,299.9,297.6,297.8,295.7,294.4,294.6,293.7,292.8,292.8,292.6,292.5,292.8,294.3,297,301.1,301.4,299.4,305.9,306.8,306.3,305.8,305.9,304.1,303.5,299.7,298.9,298.7,294.5,292.3,290.7,289.5,296.8,297.1,296.7
294.5,294.3,294.1,293.9,293.7,293.6,293.5,293.6,294.1,294.5,294.3,294.1,293.7,293.4,293.3,293.1,292.9,292.9,293,292.9,292.8,292.7,292.6,292.5,292.6,292.6,292.5,292.8,293,293.2,293.1,293,293.2,293.2,293.3,293.5,294.5,296,303.1,302.1,301.3,299.8,298,298.5,298.3,297.5,294,292.7,293.1,293,292.9,292.7,292.6,292.4,292.3,292.5,292.4,293.2,297,295.2,295.3,300.9,306,306.4,306.1,303.7,304.7,303,300.4,299.2,297.7,292.7,290.6,290.9,296.2,296.7,296.8,296.4
294.2,294,293.7,293.5,293.4,293.2,292.9,292.6,292.6,293.3,293.7,293.6,293.4,293,292.8,292.6,292.3,291.9,291.9,291.9,291.7,291.8,291.8,291.8,291.8,291.9,292.1,292.2,292.2,292.4,292.5,292.2,292.2,292.3,292.4,292.4,292.6,294.8,298,298.9,297.2,294.6,292.3,292.6,292.4,292.4,292.5,292.8,292.7,292.8,292.8,292.7,292.6,292.4,292.3,292.1,292.2,292.2,293.7,292.2,295.6,296.3,302.8,304.4,304,301.7,304.3,304.8,302.1,301.3,298.6,294.7,290.3,293.9,296.3,296.3,296.3,296
293.5,293.6,293.3,293,292.9,292.8,292.7,292.3,292,292.3,292.9,293,292.9,292.7,292.5,292.3,291.9,291.5,291.3,291.2,291,291,291.1,291,291,291.3,291.5,291.6,291.7,291.6,291.6,291.5,291.3,291.4,291.5,291.7,291.8,291.6,291.8,292,291.8,291.3,291.6,291.4,291.4,291.5,291.5,291.5,291.6,291.6,291.6,291.7,291.8,291.9,292.1,292.2,292.2,292.1,291.9,292.5,293.3,292.2,294.4,299.5,298.3,301.1,304,304.8,303.9,301.7,295.7,293.8,292,296.3,296.1,295.9,295.9,295.6
292.7,292.7,292.6,292.5,292.3,292.2,292.1,291.8,291.6,291.6,291.9,292.3,292.2,292,291.9,291.8,291.5,291.2,290.8,290.7,290.3,290.4,290.6,290.7,290.7,290.9,290.9,290.9,290.8,290.6,290.4,290.4,290.4,290.4,290.5,290.6,290.6,290.7,290.7,290.7,290.5,290.5,290.3,290.3,290.3,290.4,290.4,290.4,290.4,290.5,290.6,290.6,290.7,290.8,290.9,291.1,291.4,291.9,292.1,291.4,291.8,291.6,291.6,294.8,300.2,300.1,299.1,301.2,302.2,298.3,290.3,290.4,294.5,295.7,295.8,295.6,295.5,295.2
292.2,292.1,291.9,291.7,291.7,291.7,291.5,291.2,291,290.9,290.9,291.3,291.4,291.2,291,290.9,290.7,290.5,290.3,290.3,290.1,289.9,289.9,290.1,290.4,290.5,290.3,290,289.6,289.5,289.5,289.4,289.4,289.3,289.2,289.3,289.3,289.4,289.4,289.4,289.5,289.5,289.5,289.5,289.5,289.5,289.5,289.5,289.5,289.5,289.5,289.6,289.7,289.8,290,290.2,290.5,290.6,290.8,291.3,291.5,291.2,290.9,293.1,296.4,294.9,293.5,295.5,294.3,291.2,289.7,292.2,294.4,295.2,295.4,295.4,295.1,294.9
291.3,291.4,291.3,291,290.9,290.9,290.8,290.5,290.2,290.2,290.1,290.2,290.3,290.3,290.1,290,289.8,289.7,289.6,289.5,289.6,289.7,289.6,289.5,289.6,289.8,290,290,289.7,289.4,289.2,289.2,289.2,289.2,289.1,289.1,289.1,289.1,289.1,289.1,289.1,289.1,289.1,289,289,288.9,288.9,288.9,288.9,288.8,288.9,289,289.1,289.2,289.3,289.4,289.6,289.8,290.1,290.1,290.2,290.8,290.7,290.3,291.5,292.8,293.6,291.7,294,295.9,298.3,296.5,294.8,294.8,295,295,294.7,294.5
289.8,289.8,289.9,290.1,290.1,290,289.9,289.8,289.5,289.3,289.3,289.3,289.2,289.2,289.1,289,288.9,288.9,288.9,288.8,288.9,288.9,289,288.9,288.9,288.9,289.1,289.3,289.5,289.6,289.4,289.2,289,289,289,289,289,289.1,289.2,289,288.9,288.8,288.8,288.7,288.6,288.5,288.4,288.3,288.4,288.4,288.5,288.6,288.6,288.6,288.7,288.8,289,289.1,289.2,289.5,289.6,289.4,290.1,290.6,290.5,290.6,290.8,291.7,291.6,292.2,295.4,295.3,294.5,294.5,294.6,294.5,294.3,293.9
287.5,287.7,287.7,287.7,288,288.4,288.7,288.8,288.8,288.5,288.4,288.4,288.3,288.2,288.2,288.2,288.1,288.1,288.2,288.2,288.2,288.2,288.3,288.2,288.2,288.2,288.3,288.3,288.5,288.7,288.8,288.9,288.9,288.8,288.7,288.7,288.7,288.8,288.8,288.7,288.7,288.5,288.5,288.4,288.3,288.1,288,288,288,288.1,288.1,288.1,288.1,288.1,288.2,288.2,288.3,288.4,288.6,288.7,289,289.1,288.6,289.4,290.3,290.4,290.7,291,291.7,292.4,292.8,294.5,294.2,294.1,294.1,293.9,293.6,293.2
286,286,286,286.1,286.2,286.3,286.3,286.3,286.7,287.3,287.6,287.4,287.3,287.2,287.3,287.3,287.3,287.3,287.4,287.5,287.6,287.6,287.5,287.5,287.5,287.5,287.6,287.6,287.6,287.7,287.9,288,288.1,288.1,288.1,288.1,288.3,288.4,288.5,288.5,288.4,288.3,288.4,288.3,287.9,287.8,287.6,287.6,287.7,287.6,287.6,287.6,287.6,287.4,287.5,287.6,287.7,287.7,287.8,288,288.2,288.4,288.5,287.7,289,290,290.3,288.3,291.4,291.6,292.6,294.3,293.7,293.6,293.4,293.1,292.7,292.3
284.6,284.6,284.5,284.5,284.6,284.8,284.9,285,285.1,285,285.2,285.8,286.3,286.3,286.4,286.6,286.6,286.6,286.7,286.8,286.9,286.9,286.9,286.9,286.9,286.9,286.9,286.9,286.9,286.9,287,287.1,287.2,287.3,287.4,287.4,287.5,287.6,287.7,287.8,288,288,288,288.1,287.9,287.5,287.2,287.1,287.1,287.1,287,287,287,286.7,286.7,286.9,286.9,286.9,287,287.3,287.5,287.7,288,287.7,286.9,288.7,289.6,289.1,286.3,287.9,291.3,294,293.3,292.8,292.6,292.2,291.8,291.4
283.5,283.5,283.5,283.4,283.5,283.7,283.7,283.7,283.8,284,284.2,284.1,284.3,284.7,285.3,285.7,285.8,285.9,286,286.1,286.1,286.2,286.3,286.3,286.3,286.4,286.4,286.3,286.3,286.3,286.3,286.3,286.4,286.5,286.6,286.7,286.8,286.9,287,287,287.1,287.1,287.2,287.3,287.4,287.3,287.1,286.6,286.4,286.5,286.5,286.5,286.4,286.1,286.1,286.1,285.9,285.9,286.3,286.5,286.7,287,287.4,287.6,287,286.6,288.7,289,287.2,288.7,291.9,293.3,292.8,292.3,291.6,291.2,290.9,290.6
282.7,282.6,282.6,282.6,282.7,282.8,282.9,283,283,283.1,283.3,283.5,283.6,283.6,283.8,284.1,284.7,285,285.2,285.2,285.3,285.4,285.5,285.6,285.7,285.7,285.7,285.7,285.7,285.7,285.7,285.7,285.8,285.8,285.9,286,286.2,286.3,286.4,286.4,286.4,286.4,286.5,286.5,286.5,286.5,286.6,286.4,285.8,285.7,285.7,285.8,285.6,285.3,285.3,285.3,285.2,285.4,285.5,285.1,285.9,286.3,286.9,287.1,287.3,286.4,286.7,288.5,288.6,289.2,289.1,289.6,291.5,291.4,290.7,290.3,290.1,289.7
282,281.9,281.9,281.9,281.9,282,282.1,282.2,282.3,282.4,282.5,282.7,282.8,282.9,283.1,283.2,283.1,283.3,283.7,284.1,284.3,284.4,284.6,284.7,284.8,284.9,285,285,285,285,285,285.1,285.1,285.2,285.3,285.5,285.6,285.7,285.7,285.7,285.7,285.7,285.8,285.8,285.8,285.8,285.9,286,285.6,285.1,284.8,284.6,284.6,284.5,284.5,284.4,284.4,284.4,284.4,285,285.3,285.4,285.9,286.7,286.6,286.7,286.3,287,288,287.9,288.3,288.6,289.3,289.4,289.2,288.7,288.7,288.7
281.3,281.3,281.3,281.3,281.4,281.4,281.5,281.7,281.8,281.8,281.9,282,282.1,282.1,282.3,282.4,282.4,282.4,282.2,282.2,282.6,283.2,283.6,283.8,284,284.1,284.2,284.3,284.3,284.3,284.3,284.4,284.5,284.6,284.7,285,285.1,285.2,285.2,285.2,285.2,285.3,285.3,285.3,285.3,285.4,285.3,285.3,285.2,284.3,283.9,283.5,283.5,283.6,283.7,283.4,283.3,283.3,283.4,283.9,284.2,284.3,284.8,285.8,286.2,285.9,286.3,286,286.8,287.2,287.3,287.6,287.8,287.9,287.9,287.8,287.9,287.9
280.5,280.5,280.5,280.5,280.6,280.8,281,281.2,281.3,281.4,281.4,281.4,281.5,281.5,281.5,281.6,281.5,281.5,281.6,281.5,281.3,281.4,281.9,282.6,283.1,283.3,283.4,283.4,283.4,283.5,283.6,283.6,283.7,283.8,284,284.3,284.5,284.6,284.6,284.6,284.6,284.7,284.8,284.7,284.6,284.7,284.7,284.6,284.1,283.3,282.8,282.5,282.7,282.8,282.8,282.9,283.1,283.2,283.2,283.2,283.3,283.5,284,284.8,285.4,285.4,285.4,285.3,285.7,286.2,286.2,286.4,286.7,286.9,287.2,287.1,287.1,287.2
279.4,279.5,279.6,279.8,280,280.2,280.4,280.6,280.8,280.9,281.1,281.1,281.1,281.1,281,281,280.9,280.8,280.7,280.7,280.7,280.7,280.6,280.7,281.3,282.1,282.5,282.6,282.6,282.6,282.7,282.8,282.9,283.1,283.3,283.5,283.7,283.7,283.8,283.9,283.8,283.8,283.8,283.7,283.7,283.9,283.8,283.4,282.6,282,281.7,281.8,282.1,282.5,282.5,282.2,282.2,282.3,282.2,282.4,282.5,282.7,283.2,283.8,284.4,284.5,284.5,284.6,284.8,285.2,285.3,285.5,285.6,285.6,285.6,285.8,285.9,285.9
278.5,278.6,278.8,279.1,279.3,279.5,279.7,279.9,280.2,280.3,280.4,280.5,280.6,280.7,280.6,280.5,280.3,280.1,280,280,280,280,280,280,280,280.3,281,281.7,281.9,281.9,282,282,282.1,282.2,282.4,282.6,282.7,282.8,282.9,282.9,282.8,282.8,282.7,282.7,282.9,282.8,282.3,281.5,281.1,281,281.1,281.4,281.7,281.7,281.6,281.6,281.7,281.9,281.9,281.9,282,282.2,282.4,282.9,283.5,283.8,283.7,283.9,284,284.3,284.5,284.6,284.7,284.6,284.5,284.5,284.5,284.5
