data/current-temp-surface-level-gfs-1.0.json
{"header": {"discipline":0,"disciplineName":"Meteorological products","gribEdition":2,"gribLength":61466,"center":7,"centerName":"US National Weather Service - NCEP(WMC)","subcenter":0,"refTime":"2014-03-08T18:00:00.000Z","significanceOfRT":1,"significanceOfRTName":"Start of forecast","productStatus":0,"productStatusName":"Operational products","productType":1,"productTypeName":"Forecast products","productDefinitionTemplate":0,"productDefinitionTemplateName":"Analysis/forecast at horizontal level/layer at a point in time","parameterCategory":0,"parameterCategoryName":"Temperature","parameterNumber":0,"parameterNumberName":"Temperature","parameterUnit":"K","genProcessType":2,"genProcessTypeName":"Forecast","forecastTime":6,"surface1Type":103,"surface1TypeName":"Specified height level above ground","surface1Value":2,"surface2Type":255,"surface2TypeName":"Missing","surface2Value":0,"gridDefinitionTemplate":0,"gridDefinitionTemplateName":"Latitude_Longitude","numberPoints":65160,"shape":6,"shapeName":"Earth spherical with radius of 6,371,229.0 m","gridUnits":"degrees","resolution":48,"winds":"true","scanMode":0,"nx":360,"ny":181,"basicAngle":0,"subDivisions":0,"lo1":0,"la1":90,"lo2":359,"la2":-90,"dx":1,"dy":1}, "data":
[rows 96 to 127 of 181, columns 144 to 215 of 360]
286.97,286.69,291.53,292.53,300.72,299.55,295.93,300.43,301.97,302.04,302.11,298.37,302.05,302.52,302.15,302.18,302.1,302.33,302.11,301.89,301.85,301.88,302,301.86,302.14,301.85,302.02,302.11,302.04,301.81,302.05,301.89,301.95,302.06,302.13,302.06,302.16,302.16,301.76,301.7,301.74,302.02,301.93,301.88,301.67,301.26,301.25,301.18,300.78,300.56,300.43,300.43,300.37,300.28,300.31,300.38,300.38,300.42,300.48,300.26,300.08,299.98,299.92,299.92,299.84,299.76,299.78,299.72,299.72,299.72,299.65,299.64
301.33,297.37,289.13,298.56,301.71,301.39,301.6,301.44,301.92,301.66,301.98,302.21,302.47,302.08,302.44,302.3,302.27,302.26,302.26,302.04,302.02,302.04,301.85,301.97,302.15,302.29,302.26,302.22,302.08,302.09,302.16,302.18,301.99,302.18,302.36,302.31,302.07,302.35,302.24,301.89,301.72,301.94,302.13,302.16,301.93,301.5,301.31,301.21,301.24,300.81,300.72,300.62,300.55,300.38,300.36,300.47,300.61,300.59,300.57,300.44,300.29,300.22,300.22,300.23,300.1,300.1,300.06,299.99,299.94,299.93,300.02,300.05
300.54,300.86,304.31,291.36,301.7,301.13,301.81,301.71,302.04,301.38,301.15,301.4,301.34,301.17,301.53,302.33,302.31,302.14,302.26,302.28,302.28,302.28,301.82,301.72,301.98,302.07,302.14,302.15,302.06,302.35,302.36,302.29,301.95,302.11,302.35,302.51,302.3,302.31,302.35,301.92,301.5,301.89,301.82,301.7,302.01,301.73,301.7,301.61,301.41,301.2,301.04,301,300.88,300.66,300.63,300.62,300.76,300.81,300.76,300.7,300.58,300.51,300.58,300.63,300.49,300.42,300.31,300.22,300.21,299.95,299.95,300.01
300.95,301.47,301.43,304.78,297.29,302.9,301.04,300.89,301.28,301.14,301.73,301.24,300.95,301.43,301.16,301.5,301.52,301.59,301.82,302.1,302.01,302.29,301.72,301.34,301.59,301.33,301.75,301.33,301.6,302.36,302.36,302.5,302.55,302.54,302.54,302.71,302.5,302.46,302.61,302.38,302.22,301.99,301.42,301.31,301.61,301.72,301.93,301.98,301.81,301.59,301.37,301.39,301.36,301.14,301.09,301.01,300.93,301.06,300.97,301.01,300.89,300.76,300.92,300.88,300.85,300.68,300.53,300.43,300.33,300.16,300.16,300
301.14,301.57,301.84,301.96,305.47,300.67,300.79,301.42,301.66,301.28,302.02,301.98,301.51,301.28,301.99,301.67,300.69,301.68,301.55,302.01,301.93,302.01,301.8,301.39,301.27,301.09,301.76,301.67,301.59,301.76,302.34,302.48,302.52,302.8,302.8,302.31,302.5,302.57,302.51,302.23,302.17,301.56,301.59,301.22,301.14,301.2,302.02,302.24,302.24,301.76,301.81,301.69,301.61,301.36,301.06,300.94,300.97,301.32,301.22,301.28,300.84,301.01,301.05,301.18,301.04,300.89,300.7,300.58,300.54,300.57,300.38,300.36
301.29,301.74,301.97,301.91,301.94,301.76,301.89,301.68,301.9,301.77,301.69,301.78,301.88,301.18,301.8,301.82,301.99,301.74,301.33,301.63,302.01,302.13,302.02,301.89,300.89,301.25,301.56,301.68,301.85,301.6,302.42,302.59,302.61,302.72,302.78,301.94,302.4,302.43,302.13,301.79,301.98,301.88,301.04,301.49,301.34,301.23,301.83,302.27,302.35,302.16,301.78,301.99,301.54,301.32,301.27,301,300.86,300.91,300.98,301.29,300.62,300.93,300.99,300.56,301.31,300.87,300.75,300.73,300.68,300.68,300.68,300.66
301.66,301.94,301.67,301.6,301.63,301.99,302.02,301.67,301.93,302.03,301.67,301.7,301.94,301.57,301.93,301.5,301.32,301.25,301.56,301.67,301.94,301.49,301.81,302.14,301.43,301.8,301.94,302.21,302.47,302.24,302.54,302.73,302.64,302.56,302.38,302.28,301.97,302.15,301.96,301.74,301.39,301.17,301.65,301.76,301.67,301.75,301.74,302.05,301.63,301.54,301.73,301.77,301.81,301.93,301.14,301.17,300.91,300.96,301.21,301.33,301.09,301.09,300.77,300.66,300.98,300.79,300.81,300.9,300.2,300.07,300.78,300.6
301.11,301.38,301.67,301.87,302.06,302.22,302.27,302.36,302.26,302.23,302.15,302.06,302.27,301.98,301.82,301.54,301.42,301.69,301.64,301.38,301.64,301.11,301.07,301.75,301.75,301.28,302.24,302.55,302.3,302.29,302.39,302.68,302.63,302.33,302.24,301.87,301.68,301.71,301.69,301.89,301.96,301.54,301.57,301.71,301.38,301.5,302.16,302.12,302.11,302.16,302.17,302.13,302.26,302.07,301.49,301.78,301.65,301.57,301.44,301.56,301.12,301.08,300.87,300.41,300.39,300.45,301.05,300.51,299.75,300.55,300.74,300.82
301.31,300.81,300.81,301.16,301.63,302.2,302.3,302.38,302.42,302.23,302.38,302.18,302.33,301.6,301.62,301.56,301.44,301.09,301.3,301.02,301.22,301.57,301.6,301.6,301.67,301.82,301.8,301.8,301.66,302.02,302.38,302.19,302.27,302.12,301.74,301.58,301.68,301.52,301.51,301.68,301.94,302.01,301.94,301.77,301.67,302.23,302.2,301.99,301.96,301.68,301.73,301.87,302.02,301.71,301.27,301.08,301.12,301.08,300.95,300.64,300.73,301.01,300.91,300.23,299.94,300.4,300.3,299.86,299.77,300.72,300.58,300.85
302.15,304.66,301.15,301.86,302.09,301.86,302.09,302.18,302.27,302.16,302.02,302.02,301.66,301.61,301.38,301.36,301.21,301.31,300.78,300.39,301.38,301.68,301.32,299.99,301.79,302.31,302.32,301.69,301.98,302.23,302.26,302.07,302.12,301.86,301.81,301.85,301.49,301.26,301.4,301.68,301.81,301.99,302.29,302.17,302.02,301.72,301.57,301.85,301.85,301.81,301.79,301.71,301.68,301.41,301.43,301.47,301.34,301.2,301.02,300.76,300.93,301,300.7,300.25,300.4,300.32,300.32,300.19,300.54,300.94,300.95,301.01
301.83,302.34,300.46,301.41,301.82,301.98,302.08,302.1,301.8,301.94,301.64,301.82,301.62,301.64,301.5,301.27,301.42,301.69,301.91,301.63,301.62,301.98,301.88,302.44,302.18,302.2,302.05,302.03,302.17,302.47,302.2,301.86,301.84,301.62,301.42,301.39,301.29,301.33,301.49,301.61,301.63,301.85,302.41,302.22,302.06,301.42,301.63,302.09,302.13,302.07,301.88,301.93,301.89,301.52,301.3,301.27,301.11,301.13,301.1,301.03,301.07,300.64,300.66,300.02,300.06,300.51,300.92,300.42,300.91,300.9,301.13,301.13
300.1,301.41,301.12,300.85,301.51,301.75,302,301.98,301.76,301.48,301.64,301.75,301.37,301.45,301.23,301.47,301.58,301.63,301.69,301.72,301.68,301.74,301.81,301.86,302.08,302.2,302.21,302.31,302.39,302.11,302.03,301.87,301.74,301.45,301.29,302.9,301.21,301.42,301.32,301.38,301.51,301.9,302,301.84,301.5,301.47,301.83,302.1,301.95,301.9,301.91,301.97,301.56,301.52,301.55,301.52,301.49,301.03,300.68,300.43,300.49,300.95,301.09,300.14,300.31,301,301.21,300.8,300.93,300.74,301.14,301.21
299.36,295.84,299.35,300.24,301.09,301.73,301.81,301.57,301.19,301.14,301.32,301.09,300.92,301,301.05,301.09,301.15,301.11,301.17,301.28,301.34,301.43,301.47,301.55,301.78,301.82,301.85,301.93,301.96,301.75,301.86,301.79,301.71,301.5,300.95,301.52,301.5,301.46,301.32,301.22,301.48,301.7,301.76,301.85,301.57,301.77,301.78,302.07,301.76,301.74,301.68,301.74,301.58,301.52,301.21,301.17,301.12,300.72,300.66,300.65,300.44,300.67,301.04,300.54,300.98,301.29,301.3,300.94,300.63,300.66,301.12,301.05
296.4,294.64,296.45,298.99,300.3,301.36,301.01,300.77,300.83,300.85,300.65,300.65,300.66,300.45,300.39,300.45,300.6,300.66,300.57,300.66,300.75,300.93,301.08,301.23,301.37,302.03,301.71,301.82,301.84,301.75,301.49,301.23,301.13,301,300.88,300.9,301.09,301.23,301.31,301.34,301.56,301.74,301.81,301.58,301.64,301.76,301.38,301.81,301.69,301.47,301.42,301.43,301.55,301.21,300.83,300.82,300.86,300.84,300.96,300.72,300.51,300.4,300.69,300.66,301.25,301.39,301.35,301.13,300.8,300.61,301.09,300.87
296.82,294.29,296.88,296.31,296.89,300.43,300.4,300.3,300.34,300.52,300.47,300.15,299.96,299.93,300,299.91,299.92,299.98,299.97,299.86,300.5,300.17,300.49,300.69,300.97,301.05,301.26,301.45,301.59,301.58,301.46,301.33,301.1,300.91,300.76,300.94,300.99,301,301.1,301.38,301.46,301.63,301.76,301.03,301.2,301.4,301.35,301.19,301.81,301.39,301.29,301.36,301.4,300.93,300.72,300.64,300.62,300.77,300.76,300.72,300.62,300.62,300.66,301.03,300.66,301.36,301.31,300.75,300.75,300.77,300.48,300.52
299.53,297.69,297.82,297.43,295.06,296.87,299.54,299.62,299.57,299.78,299.82,299.54,299.45,299.5,299.57,299.53,299.44,299.39,299.44,299.54,299.83,300.76,300.09,300.89,300.04,300.36,300.72,300.77,300.91,301.03,301.1,300.98,300.9,300.8,300.77,300.52,300.55,300.79,300.96,301.18,301.33,301.6,301.54,300.87,300.89,300.89,301.22,301.15,300.89,301.18,301.38,301.2,301.08,301.14,300.79,300.57,300.33,300.4,300.34,300.21,300.49,300.57,300.72,301.05,300.94,300.89,301.05,300.91,301.06,300.93,300.58,300.07
299.97,298.72,297.72,298.28,295.49,294.6,299.22,299.35,298.88,298.53,298.89,299.16,299.06,299.04,299.04,299.02,299.04,298.7,298.62,298.84,299.16,299,299.48,299.09,299.63,299.72,299.95,300.04,300.04,300.24,300.26,300.55,300.51,300.33,300.37,300.41,300.44,300.52,300.88,300.92,301.05,301.17,301.08,300.41,300.5,300.45,300.58,300.75,300.84,300.45,300.49,300.62,300.84,300.8,300.74,300.47,300.25,300.18,300.13,299.98,300.27,300.36,300.79,300.88,300.8,300.79,300.77,300.53,300.82,300.74,300.58,300.14
300.95,299.37,297.1,297.56,296.27,295.93,294.22,298.68,299.28,299.33,299.31,299.14,298.95,298.85,298.66,298.53,298.58,298.51,298.42,298.45,298.73,298.74,298.75,298.71,299.04,299.13,299.11,299.18,299.52,299.8,299.86,299.94,299.94,299.76,299.81,299.99,300.16,300,300.29,300.71,300.51,300.69,300.46,300.19,300.2,300.3,300.38,300.46,300.48,300.46,300.39,300.24,300.11,300.44,300.54,300.42,300.1,299.96,299.89,299.69,299.88,300.2,300.57,300.59,300.59,300.66,300.65,300.61,300.58,300.65,300.38,300.15
300.83,300.23,298.02,295.96,297.75,294.21,296.23,295.51,298.61,299.2,298.83,298.97,298.99,298.77,298.48,298.37,298.3,298.27,298.28,298.3,298.28,298.27,298.3,298.1,297.9,298.3,298.44,298.63,298.71,298.88,299.02,299.13,299.15,299.18,299.27,299.43,299.64,299.72,299.42,299.8,299.88,299.83,299.84,299.9,299.83,299.61,299.66,299.65,299.73,299.77,299.75,299.84,299.68,299.78,300.19,300.42,300.14,299.85,299.74,299.54,299.57,299.94,300.14,300.32,300.19,300.22,300.17,300.2,300.24,300.3,300.2,300.22
300.21,299.63,299.11,296.29,293.63,296.56,297.41,296.46,297.57,298.95,298.17,298.5,298.01,297.78,297.67,297.68,297.83,297.69,297.57,297.53,297.41,297.43,297.54,297.47,297.48,297.48,297.53,297.66,297.78,297.87,298.07,298.34,298.5,298.48,298.58,298.86,299.05,299.07,299.03,299.17,299.26,299.13,299.51,299.24,298.98,298.37,298.23,298.18,298.16,298.53,298.99,299.19,299.1,299.11,299.29,299.38,299.57,299.71,299.7,299.45,299.13,299.28,299.49,299.6,299.89,299.94,299.86,299.85,299.96,300.03,300.04,300.03
300.31,299.21,299.04,297.05,296.44,296.16,297.14,296.8,297.15,299.24,297.89,298.15,297.9,297.48,297.3,297.24,297.11,297.16,297.06,296.86,297.16,296.92,296.76,296.6,296.52,296.51,296.6,296.75,296.98,297.16,297.33,297.42,297.79,298.04,298.01,298.38,298.69,298.63,298.34,298.42,298.8,298.7,298.55,297.67,297.5,297.94,298.27,298.2,298,297.93,298.18,298.53,298.46,298.36,298.51,298.63,298.66,298.82,298.96,299.13,299.08,298.71,298.7,298.73,298.75,298.9,298.78,298.73,299,299.26,299.29,299.23
301.34,299.75,299.31,297.41,297.46,297.74,297.2,297.42,295.64,297.47,298.07,297.9,297.45,297.21,297,296.83,296.65,296.5,296.51,296.43,296.5,296.47,296.29,296.06,296.01,296,296.01,296.2,296.25,296.45,296.65,296.83,297.1,297.23,297.4,297.53,298.07,298.33,298.37,298.18,298.14,298.04,297.89,297.31,297.11,297.23,297.6,297.86,297.72,297.51,297.42,297.69,297.83,297.72,297.62,297.79,297.89,297.89,298.04,298.24,298.71,298.7,298.31,298.04,297.95,297.9,297.82,297.77,297.7,297.74,297.77,298.12
302.7,301.04,299.78,298.51,297.95,298.02,297.71,297.36,294.9,296.6,297.26,297.56,296.97,296.81,296.67,296.59,296.35,296.09,295.84,295.78,295.83,295.87,295.81,295.58,295.3,295.23,295.08,295.43,295.65,295.79,295.88,296.31,296.68,296.82,296.88,297.13,297.28,297.74,297.93,297.92,297.92,297.77,297.66,297.01,296.71,297.03,297.45,297.52,297.38,297.14,296.85,296.57,296.89,296.98,296.91,296.82,296.88,296.92,296.81,296.72,296.99,297.7,297.94,297.91,297.62,297.51,297.27,297.04,296.92,296.87,297.07,297.46
303.15,301.81,300.26,299.27,298.67,298.58,297.62,297.3,292.73,295.71,297.08,297.21,296.7,296.39,296.17,295.99,295.77,295.4,295.03,295.06,295.17,295.2,295.15,295.12,294.86,294.6,294.46,294.45,294.84,294.99,295.45,295.57,295.9,296.11,296.3,296.53,296.69,297.19,297.35,297.22,297.25,297.15,297.05,297.13,296.8,296.83,296.91,296.82,296.69,296.56,296.44,296.33,296.37,296.4,296.3,296.16,296.1,296.02,295.91,295.81,295.71,295.89,296.53,296.85,297.41,297.47,297.15,296.98,296.81,296.61,296.53,296.74
303.6,303.05,301.59,299.97,299.55,298.69,297.02,296.41,291.65,296.53,296.63,296.98,296.57,296.15,295.89,295.73,295.47,295.04,294.54,294.29,294.21,294.25,294.18,294.04,294.05,293.95,293.76,293.83,294.11,294.24,294.24,294.8,294.87,295.24,295.51,295.75,295.74,296.17,296.15,296.3,296.33,296.34,296.24,296.21,296.09,296.17,296.34,296.15,295.99,295.85,295.71,295.69,295.69,295.71,295.67,295.66,295.57,295.45,295.32,295.1,295.09,295.12,295.4,295.73,295.76,296.09,296.44,296.56,296.64,296.62,296.49,296.31
303.07,301.13,300.11,299.91,298.54,296.76,296.43,294.68,292.79,297.43,296.78,296.73,296.43,296.12,295.93,295.7,295.49,295.26,294.85,294.36,293.99,293.64,293.48,293.42,293.4,293.37,293.19,293.18,293.26,293.47,293.74,293.87,293.84,294.24,294.31,294.85,295.22,295.32,295.01,295.36,295.41,295.56,295.61,295.66,295.68,295.66,295.49,295.4,295.3,295.22,295.19,295.21,295.2,295.04,294.89,294.75,294.75,294.75,294.81,294.88,294.79,294.66,294.67,294.79,294.99,294.95,295.3,295.42,295.51,295.81,296.09,296.09
303.72,302.8,299.5,298.63,298.43,295.86,295.46,297.44,297.04,296.7,297.03,296.81,296.27,295.83,295.56,295.22,294.93,294.67,294.39,294.18,293.93,293.67,293.42,293.1,292.9,292.94,292.97,292.91,292.93,293.14,293.19,293.16,293.03,293.2,293.62,293.78,294.17,294.47,294.65,294.64,294.66,294.83,294.95,295.03,294.88,294.76,294.64,294.44,294.27,294.16,294.23,294.01,294.25,294.41,294.4,294.23,294.28,294.36,294.4,294.43,294.5,294.54,294.42,294.33,294.24,294.32,294.49,294.63,294.71,294.69,295.04,295.43
302.67,301.35,300.13,297.84,296.72,293.61,293.18,296.48,296.86,297.21,296.66,296.14,295.76,295.52,295.32,294.93,294.57,294.27,293.94,293.59,293.37,293.22,293.1,292.92,292.7,292.65,292.82,292.68,292.61,292.66,292.75,292.69,292.65,292.49,292.62,292.91,293.18,293.39,293.59,293.95,294.05,293.93,293.94,294.14,294.14,293.87,293.68,294.13,293.98,293.7,293.61,293.74,293.78,293.78,293.96,294.11,294,293.88,293.99,294.05,294.03,294.24,294.4,294.35,294.17,293.97,293.87,293.98,294.11,294.22,294.3,294.53
303.03,301.61,300.06,297.88,296.37,295.33,293.34,297.78,296.75,296.66,296.33,296.04,295.59,294.97,294.31,293.95,293.6,293.15,292.88,292.84,292.88,292.8,292.73,292.69,292.57,292.31,292.24,292.52,292.46,291.94,292.08,292.36,292.27,292.14,291.91,292.01,292.28,292.58,292.73,293.06,293.47,293.44,293.29,293.35,293.69,293.73,293.81,293.56,293.08,293.1,293.04,293.04,293.02,292.93,293.03,293.34,293.64,293.6,293.49,293.45,293.4,293.53,293.94,294.05,293.96,293.91,293.85,293.77,293.76,293.78,293.82,293.81
302.56,301.56,299.62,297.55,296.76,294.54,294.63,296.01,296.31,295.93,295.53,295.16,294.47,293.9,293.19,292.77,292.64,292.77,292.79,292.76,292.78,292.91,292.95,292.8,292.63,292.52,292.19,291.88,291.82,293.18,293.39,291.66,292.03,292.08,292.04,291.55,291.46,291.63,291.86,292.06,292.3,292.38,292.46,292.42,292.78,292.99,292.92,292.78,292.68,292.72,292.66,292.59,292.46,292.39,292.49,292.66,292.97,293.04,292.94,292.75,292.87,292.99,293.05,293.35,293.46,293.49,293.55,293.69,293.79,293.79,293.69,293.61
299.45,299.64,297.92,296.67,298.65,291.99,296.7,295.24,295.63,295.01,294.85,294.14,293.19,292.48,292.18,292.32,292.29,292.24,292.17,292.15,292.28,292.45,292.49,292.56,292.39,292.15,292.05,291.67,291.38,291.16,293.31,291.85,290.92,290.97,291.8,292.29,291.87,291.5,291.49,291.63,291.76,291.87,292.04,291.82,291.91,291.97,292.36,292.58,292.65,292.61,292.49,292.47,292.4,292.37,292.47,292.57,292.63,292.47,292.54,292.52,292.5,292.55,292.55,292.72,292.86,292.98,293.03,293.1,293.23,293.37,293.41,293.41
297.87,296.87,296.22,294.51,295.91,294.78,294.86,294.03,294.56,294.55,293.72,292.95,292.29,291.96,291.89,291.84,291.62,291.64,291.71,291.75,291.67,291.74,291.69,291.68,291.89,291.88,291.68,291.48,291.03,291.25,291.05,293.24,291.49,290.67,291.86,292.32,292.4,292.18,292.04,291.96,291.87,291.69,291.61,291.77,291.87,291.95,292.11,292.16,292.02,292.01,292.09,292.19,292.34,292.16,292.04,291.99,292,292.03,292.01,292.04,292.12,292.25,292.13,292.17,292.27,292.45,292.57,292.63,292.72,292.78,292.84,292.84
