data/current-temp-surface-level-gfs-1.0.json
{"header": {"discipline":0,"disciplineName":"Meteorological products","gribEdition":2,"gribLength":61466,"center":7,"centerName":"US National Weather Service - NCEP(WMC)","subcenter":0,"refTime":"2014-03-08T18:00:00.000Z","significanceOfRT":1,"significanceOfRTName":"Start of forecast","productStatus":0,"productStatusName":"Operational products","productType":1,"productTypeName":"Forecast products","productDefinitionTemplate":0,"productDefinitionTemplateName":"Analysis/forecast at horizontal level/layer at a point in time","parameterCategory":0,"parameterCategoryName":"Temperature","parameterNumber":0,"parameterNumberName":"Temperature","parameterUnit":"K","genProcessType":2,"genProcessTypeName":"Forecast","forecastTime":6,"surface1Type":103,"surface1TypeName":"Specified height level above ground","surface1Value":2,"surface2Type":255,"surface2TypeName":"Missing","surface2Value":0,"gridDefinitionTemplate":0,"gridDefinitionTemplateName":"Latitude_Longitude","numberPoints":65160,"shape":6,"shapeName":"Earth spherical with radius of 6,371,229.0 m","gridUnits":"degrees","resolution":48,"winds":"true","scanMode":0,"nx":360,"ny":181,"basicAngle":0,"subDivisions":0,"lo1":0,"la1":90,"lo2":359,"la2":-90,"dx":1,"dy":1}, "data":
[rows 128 to 159 of 181, columns 144 to 215 of 360]
298.92,297.56,299.91,301.03,294.72,295.01,294.49,294.52,294.41,293.74,293.18,292.61,292.26,291.99,291.57,290.98,290.78,290.93,291.1,291.26,291.35,291.27,291.24,291.24,291.18,291.16,291.15,290.97,290.83,290.89,290.04,295.42,293.17,294.2,289.04,291.67,291.66,291.72,291.99,292.21,292.17,292.02,291.66,291.45,291.46,291.75,291.9,291.92,291.85,291.7,291.68,291.78,291.99,291.91,291.75,291.73,291.73,291.71,291.81,291.84,291.82,291.83,291.8,291.87,291.93,292.05,292.19,292.23,292.22,292.23,292.21,292.22
293.25,292.7,293.29,292.7,293.23,294,294.23,294.02,293.55,293.11,292.62,292.14,291.9,291.42,290.86,290.31,290.28,290.38,290.49,290.51,290.85,290.88,290.73,290.73,290.75,290.73,290.66,290.58,290.55,290.41,291.65,296.52,291.36,291.32,290.55,290.98,290.91,290.89,291.04,291.13,291.36,291.75,291.81,291.58,291.38,291.31,291.4,291.6,291.66,291.51,291.56,291.58,291.63,291.61,291.16,291.27,291.41,291.3,291.34,291.48,291.4,291.42,291.47,291.47,291.44,291.59,291.79,291.75,291.7,291.69,291.68,291.68
291.81,292.16,292.4,292.94,295.37,293.68,293.85,293.38,292.8,292.43,291.98,291.57,291.02,290.43,290.05,290.01,290.07,289.98,290.05,290.05,290.18,290.27,290.25,290.27,290.32,290.24,290.12,290.21,290.07,290.05,289.89,292.38,292.38,290.3,290.26,290.3,290.23,290.08,290.05,290.14,290.39,290.63,290.84,291.04,291.1,291.02,291.08,291.11,291.24,291.22,291.29,291.33,291.24,291.11,290.89,291.01,291.09,291.08,290.96,291.05,291.06,291.01,291.04,291.12,291.11,291.2,291.31,291.27,291.22,291.19,291.15,291.14
291.33,292.91,291.67,293.05,293.3,293.25,293.17,292.73,292.15,291.63,291.22,290.78,290.11,289.38,289.18,289.17,289.15,289.37,289.54,289.36,289.42,289.55,289.7,289.69,289.59,289.4,289.64,289.26,289.87,290.35,289.52,291.15,290.54,288.99,289.63,289.72,289.78,289.79,289.79,289.71,289.77,290,290.24,290.4,290.54,290.51,290.51,290.7,290.81,290.94,290.81,290.87,290.85,290.79,290.79,290.79,290.73,290.58,290.44,290.47,290.43,290.4,290.43,290.52,290.67,290.85,290.85,290.75,290.72,290.67,290.59,290.56
290.7,293.79,291.69,291.01,290.49,292.7,292.38,292.09,291.51,290.93,290.53,289.95,289.28,288.88,288.77,288.72,288.79,288.86,288.99,289.12,289.21,289.21,289.25,289.21,289.05,289.17,289.22,288.98,293,287.47,288.02,287.76,288.28,288.59,288.84,289,289,288.9,288.86,289.03,289.17,289.19,289.18,289.26,289.56,289.93,290.07,290.2,290.37,290.65,290.59,290.5,290.55,290.47,290.41,290.36,290.25,290.04,289.84,289.78,289.67,289.67,289.73,289.85,290,290.27,290.29,290.26,290.16,290.07,290,289.95
289.59,290.68,294.67,292.58,291.96,291.59,291.39,291.06,290.5,290.02,289.57,289.19,288.81,288.49,288.33,288.23,288.25,288.4,288.45,288.47,288.58,288.66,288.74,288.76,288.7,288.86,289.83,289.3,288.2,289.55,286.71,287.91,287.92,287.99,288.08,288.11,288.09,288.09,288.05,287.95,287.96,288.11,288.36,288.65,288.83,288.93,289.05,289.27,289.67,289.98,290.16,290.3,290.21,290.1,290,289.94,289.79,289.52,289.13,288.91,288.81,288.88,289.02,289.28,289.64,289.71,289.65,289.59,289.48,289.37,289.33,289.3
289.41,289.74,289.85,289.4,290.09,290.3,290.21,289.95,289.34,288.78,288.52,288.29,288.06,287.86,287.74,287.62,287.56,287.57,287.6,287.71,287.83,287.96,288.11,287.94,289.53,291.5,287.7,290.15,288.56,287.03,287.27,287.32,287.27,287.31,287.32,287.34,287.31,287.33,287.31,287.06,287.15,287.42,287.58,287.65,287.81,288.14,288.45,288.59,288.58,288.74,289.23,289.53,289.56,289.55,289.42,289.31,289.1,288.9,288.56,288.26,288.1,288.12,288.32,288.77,288.98,288.99,288.96,288.93,288.9,288.84,288.77,288.73
288.58,288.97,288.75,288.49,288.89,288.9,288.76,288.46,288.04,287.74,287.59,287.5,287.38,287.27,287.22,287.1,287.03,287,286.96,286.98,287.07,287.19,287.18,289.02,290.07,289.46,289.03,291.64,286.82,286.53,286.55,286.67,286.73,286.66,286.55,286.51,286.66,286.77,286.79,286.81,286.73,286.64,286.93,287.02,287.05,287.14,287.43,287.85,288.01,287.86,287.91,288.28,288.61,288.78,288.84,288.75,288.52,288.35,288.02,287.7,287.59,287.65,287.96,288.19,288.25,288.27,288.31,288.32,288.24,288.14,288.11,288.11
287.55,287.87,287.89,287.65,287.78,287.8,287.68,287.47,287.21,287.01,286.93,286.84,286.8,286.84,286.77,286.64,286.58,286.45,286.31,286.33,286.38,286.5,286.64,285.07,289.61,288.55,288.41,286.55,285.9,285.82,285.86,285.91,285.85,285.76,285.76,285.8,285.9,285.97,286.09,286.07,285.96,286,286.38,286.37,286.34,286.37,286.64,287,287.36,287.46,287.34,287.42,287.8,288.14,288.19,288.26,288.18,287.91,287.52,287.2,287.18,287.26,287.42,287.54,287.57,287.64,287.6,287.59,287.55,287.48,287.45,287.44
286.54,286.59,286.65,286.59,286.71,286.81,286.74,286.63,286.47,286.31,286.19,286.17,286.27,286.35,286.23,286.08,285.92,285.73,285.65,285.59,285.51,285.55,285.7,285.45,286.22,285.63,285.44,285.49,285.4,285.19,285.07,285.06,284.96,284.88,284.97,285.03,285.12,285.22,285.24,285.25,285.38,285.41,285.53,285.57,285.62,285.66,285.9,286.3,286.69,287,287.13,286.98,287.01,287.4,287.73,287.77,287.73,287.49,287.04,286.78,286.66,286.64,286.87,286.99,287,287.03,287.26,287.34,287.18,287.08,286.88,286.77
285.69,285.54,285.53,285.53,285.64,285.76,285.75,285.7,285.6,285.49,285.41,285.39,285.37,285.31,285.23,285.17,285.11,285.07,284.99,284.86,284.7,284.83,284.92,284.94,284.92,284.99,284.97,284.93,284.8,284.61,284.5,284.44,284.4,284.38,284.4,284.35,284.31,284.35,284.43,284.37,284.3,284.56,284.78,284.82,284.73,285.05,285.55,285.69,285.88,286.27,286.65,286.85,286.72,286.84,287.06,287.13,287.11,286.9,286.49,286.14,285.96,286.09,286.5,286.61,286.64,286.69,286.61,286.44,286.28,286.22,286.19,286.13
284.93,284.77,284.72,284.72,284.77,284.83,284.88,284.89,284.87,284.8,284.73,284.68,284.59,284.48,284.42,284.36,284.27,284.25,284.3,284.36,284.31,284.33,284.31,284.32,284.36,284.41,284.37,284.31,284.22,284.06,283.94,283.84,283.77,283.64,283.51,283.42,283.42,283.51,283.65,283.75,283.89,283.93,284.01,284.18,284.58,284.77,284.87,285.08,285.19,285.49,285.95,286.13,286.21,286.25,286.37,286.43,286.41,286.08,285.49,285.18,285.37,285.93,286.28,286.25,286.28,286.24,286.09,286.1,286.01,285.83,285.78,285.67
284.3,284.2,284.16,284.18,284.21,284.23,284.27,284.28,284.22,284.17,284.08,284.01,283.97,283.85,283.81,283.77,283.65,283.6,283.74,283.91,283.85,283.69,283.71,283.78,283.86,283.89,283.85,283.73,283.58,283.44,283.27,283.12,282.96,282.78,282.73,282.76,282.86,282.99,283.15,283.33,283.46,283.51,283.72,283.89,284.11,284.1,284.19,284.41,284.66,284.97,285.18,285.36,285.57,285.63,285.81,285.77,285.7,285.11,284.47,284.55,285.1,285.67,285.76,285.74,285.75,285.77,285.8,285.75,285.55,285.29,285.15,285.24
283.61,283.59,283.61,283.65,283.71,283.75,283.75,283.71,283.66,283.58,283.55,283.52,283.4,283.26,283.23,283.22,283.16,283.15,283.28,283.42,283.4,283.31,283.3,283.42,283.47,283.43,283.32,283.17,283.05,282.87,282.66,282.49,282.3,282.18,282.18,282.31,282.52,282.77,283.03,283.17,283.1,283.1,283.38,283.56,283.29,283.45,283.71,283.9,284.14,284.5,284.68,284.75,284.89,285.06,285.16,285.04,284.67,283.92,283.66,284.02,284.65,285.01,285,284.84,284.72,284.66,284.82,284.87,284.82,284.74,284.63,284.55
283.09,283.08,283.09,283.14,283.18,283.23,283.45,283.42,283.19,283.06,283.18,283.08,282.9,282.69,282.67,282.67,282.69,282.78,282.91,282.98,283,282.99,283.03,283.06,283.01,282.89,282.69,282.5,282.48,282.34,282.17,282.01,281.91,281.91,281.99,282.15,282.39,282.6,282.79,282.83,282.8,282.96,283.07,282.88,282.84,282.95,283.07,282.88,283.29,283.71,283.88,284.08,284.17,284.35,284.33,283.89,283.4,282.93,282.94,283.35,283.89,284.07,283.83,283.69,283.66,283.47,283.3,283.09,283.1,283.49,283.9,283.85
282.32,282.33,282.33,282.42,282.66,282.64,282.7,282.77,282.57,282.64,282.66,282.55,282.27,282.07,282.13,282.12,282.01,282.08,282.26,282.42,282.52,282.58,282.64,282.67,282.59,282.43,282.23,282.08,282,281.88,281.75,281.66,281.66,281.73,281.86,282.01,282.18,282.31,282.44,282.57,282.48,282.57,282.55,282.33,282.19,282.22,281.95,281.88,283.07,283.19,283.2,283.3,283.41,283.36,282.88,282.47,282.23,282.13,282.29,282.56,282.83,283.11,283.02,282.6,282.44,282.25,281.97,281.63,281.48,281.5,281.57,281.93
281.26,281.54,281.59,281.49,281.6,281.7,281.86,282.09,282.02,282.01,281.99,281.9,281.7,281.33,281.17,281.07,281.19,281.41,281.51,281.59,281.73,281.9,282.03,282.13,282.14,282.07,281.9,281.73,281.61,281.46,281.33,281.33,281.37,281.5,281.66,281.78,281.91,282.06,282.13,282.13,282.04,281.89,281.87,281.74,281.56,281.41,280.96,281.82,282.69,282.49,282.45,282.33,282.07,281.71,281.33,281.26,281.37,281.46,281.41,281.3,281.15,281.4,281.78,281.61,281.16,280.67,280.39,280.18,280.02,280.05,280.14,280.18
280.34,280.56,280.71,280.74,281,280.92,281.2,281.39,281.14,281.06,281.1,280.97,280.68,280.47,280.37,280.33,280.35,280.27,280.25,280.4,280.71,281.09,281.44,281.6,281.65,281.67,281.55,281.36,281.12,281,280.92,280.99,281.09,281.21,281.35,281.45,281.53,281.62,281.66,281.65,281.6,281.44,281.29,281.16,280.95,280.75,280.51,281.39,281.34,281.11,280.96,280.77,280.54,280.37,280.41,280.5,280.52,280.41,280.21,279.97,279.68,279.41,279.2,279.04,278.85,278.68,278.56,278.38,278.14,278.09,278.37,278.77
279.75,279.75,279.81,279.81,280.04,280.25,280.3,280.43,280.27,280.07,279.97,279.89,279.83,279.76,279.72,279.62,279.59,279.58,279.57,279.72,280.03,280.38,280.79,281.04,281.11,281.15,281.11,280.9,280.58,280.5,280.5,280.62,280.74,280.8,280.89,280.96,281.02,281.06,281.05,281.05,280.93,280.76,280.67,280.61,280.39,280.22,279.7,279.61,280.07,280.13,279.99,279.91,279.81,279.63,279.49,279.44,279.33,279.11,278.85,278.45,278.25,278.22,277.96,277.76,277.61,277.47,277.35,277.16,276.86,276.6,276.53,276.7
279.45,279.38,279.3,279.28,279.22,279.3,279.48,279.64,279.64,279.52,279.33,279.09,278.94,278.97,278.87,278.77,279.13,279.33,279.17,279.27,279.62,279.93,280.34,280.53,280.53,280.59,280.67,280.54,280.21,280.07,280.1,280.24,280.3,280.26,280.27,280.31,280.28,280.19,280.05,279.89,279.8,279.81,279.92,279.96,279.85,279.71,279.51,279.41,279.57,279.44,279.34,279.3,279.03,278.67,278.48,278.43,278.32,278.05,277.74,277.52,277.42,277.39,277.18,276.92,276.76,276.66,276.55,276.4,276.13,275.86,275.69,275.54
279.08,279.05,278.93,278.91,278.93,278.94,278.96,278.94,279.04,279,278.96,278.92,278.95,278.97,278.89,278.8,278.64,278.4,278.38,278.59,279.06,279.6,279.85,279.95,280.07,280.18,280.27,280.22,279.88,279.65,279.67,279.8,279.73,279.55,279.48,279.49,279.44,279.33,279.2,279.1,279.14,279.23,279.25,279.24,279.22,279.13,279.01,279.01,279.13,279,278.83,278.7,278.42,278.09,277.89,277.8,277.72,277.55,277.43,277.38,277.1,276.7,276.44,276.1,275.86,275.93,275.97,275.67,275.27,275.05,274.98,275.01
278.73,278.68,278.6,278.49,278.5,278.52,278.56,278.57,278.58,278.61,278.54,278.42,278.3,278.21,278.11,277.98,277.83,277.79,278.03,278.42,278.83,279.21,279.31,279.3,279.4,279.54,279.62,279.68,279.45,279.14,279.09,279.16,279.05,278.81,278.66,278.62,278.62,278.56,278.37,278.3,278.52,278.63,278.59,278.68,278.7,278.62,278.54,278.52,278.61,278.54,278.35,278.2,277.95,277.67,277.48,277.39,277.4,277.37,277.25,277.17,276.88,276.34,275.91,275.45,275.09,275.11,275.21,275.02,274.73,274.58,274.49,274.48
278.36,278.33,278.29,278.15,278.02,277.96,277.96,277.86,277.93,278.4,278.39,278.12,277.99,277.79,277.56,277.41,277.33,277.34,277.43,277.55,277.74,277.9,278.03,278.16,278.34,278.52,278.63,278.67,278.54,278.3,278.14,278.17,278.08,277.96,277.89,277.85,277.85,277.63,277.41,277.55,277.94,278,278.05,278.17,278.14,278.08,278.08,278,277.98,278.01,277.84,277.67,277.48,277.29,277.15,277.07,277.03,276.97,276.91,276.86,276.79,276.56,276.24,275.87,275.5,275.36,275.27,274.86,274.66,274.6,274.55,274.58
277.16,277.75,277.87,277.74,277.55,277.43,277.4,277.29,277.12,277.17,277.22,277.15,277.01,276.83,276.66,276.51,276.46,276.49,276.56,276.65,276.72,276.79,276.9,277.03,277.15,277.24,277.33,277.37,277.28,277.17,277.13,277.12,277.14,277.2,277.07,276.83,276.57,276.45,276.57,276.86,277.35,278.02,278.24,277.94,277.59,277.47,277.5,277.39,277.26,277.34,277.25,277.07,276.97,276.88,276.8,276.76,276.74,276.69,276.68,276.6,276.38,276.21,276.16,276.07,275.73,275.31,275.1,274.9,274.57,274.48,274.46,274.46
275.29,275.49,275.74,275.91,275.95,275.92,275.87,275.79,275.66,275.52,275.43,275.35,275.3,275.31,275.34,275.39,275.46,275.55,275.64,275.71,275.79,275.89,275.95,275.98,276.07,276.17,276.24,276.22,276.13,276.13,276.14,276.2,276.38,276.15,275.58,275.45,275.55,275.8,275.81,275.71,276.22,277.16,277.46,277.21,276.96,276.84,276.81,276.74,276.53,276.5,276.6,276.47,276.39,276.37,276.36,276.37,276.3,276.14,276.2,276.36,276.24,276.01,275.98,275.98,275.53,274.85,274.6,274.59,274.38,274.21,274.13,274.1
274.95,275.03,275.06,275.05,274.98,274.87,274.77,274.7,274.56,274.41,274.33,274.28,274.22,274.16,274.15,274.19,274.31,274.49,274.66,274.81,274.96,275.09,275.14,275.19,275.27,275.27,275.21,275.16,275.17,275.17,275.22,275.49,275.4,274.76,274.39,274.57,274.82,275.15,274.97,274.45,274.45,275.15,275.97,276.47,276.54,276.27,276.11,276.13,275.95,275.68,275.72,275.83,275.8,275.79,275.78,275.86,276.07,276.06,275.89,275.9,276.01,275.98,275.74,275.18,274.52,274.21,274.22,274.08,273.82,273.66,273.62,273.63
274.34,274.37,274.35,274.28,274.19,274.07,273.96,273.87,273.73,273.56,273.45,273.34,273.3,273.5,273.48,273.33,273.35,273.5,273.7,273.87,274.08,274.26,274.4,274.56,274.56,274.33,274.2,274.23,274.26,274.33,274.58,274.67,274.26,273.88,273.83,273.83,274.01,274.18,274.17,273.99,273.66,273.39,273.49,273.97,274.61,275.03,275.47,275.58,275.39,275.07,274.9,274.95,275.06,275.11,275.15,275.22,275.34,275.36,275.29,275.3,275.27,274.9,274.35,274,273.86,273.69,273.45,273.25,273.18,273.2,273.24,273.27
271.04,271.63,272.11,272.54,272.79,273.03,273.18,273.36,273.42,273.4,273.48,273.58,273.7,273.67,273.62,273.6,273.5,273.46,273.43,273.34,273.45,273.66,273.84,273.89,273.67,273.4,273.38,273.43,273.52,273.72,273.9,273.77,273.5,273.42,273.41,273.33,273.26,273.25,273.24,273.18,273.15,273.06,272.86,272.67,272.64,272.83,273.2,273.73,274.03,274.46,274.48,274.33,274.34,274.52,274.64,274.6,274.58,274.62,274.54,274.27,273.92,273.65,273.57,273.5,273.33,273.14,273.03,272.99,272.98,272.98,272.98,273
264.46,265.65,266.78,267.71,268.48,269.07,269.83,270.64,271.19,271.62,272.02,272.32,272.5,272.58,272.6,272.62,272.66,272.71,272.58,272.44,272.66,272.91,273.05,273.06,272.95,272.86,272.88,272.94,273.09,273.31,273.33,273.13,272.99,272.96,272.86,272.62,272.35,272.2,272.21,272.29,272.36,272.36,272.31,272.2,272.08,272.04,272.06,272.07,272.07,272.18,272.4,272.67,272.92,273.11,273.23,273.28,273.3,273.26,273.15,273.1,273.11,273.09,272.99,272.88,272.79,272.76,272.75,272.76,272.77,272.78,272.8,272.83
258.88,260.42,260.19,262.31,263.6,263.81,264.06,265.25,267.01,268.73,269.88,270.6,271.12,271.45,271.48,271.38,271.52,271.74,271.91,272.06,272.2,272.31,272.4,272.51,272.57,272.63,272.69,272.77,272.91,273.02,272.99,272.86,272.72,272.56,272.24,271.84,271.54,271.36,271.31,271.41,271.59,271.78,271.9,271.89,271.77,271.64,271.54,271.46,271.39,271.33,271.3,271.27,271.3,271.37,271.47,271.63,271.83,272,272.12,272.22,272.28,272.33,272.39,272.46,272.5,272.51,272.52,272.54,272.58,272.62,272.66,272.71
254.39,252.9,253.07,256.16,258.54,261.4,261.28,260.3,261.3,263.89,265.63,265.69,266.02,267.49,268.58,268.84,268.9,269.08,269.48,270.2,271.16,271.87,272.26,272.41,272.42,272.35,272.45,272.67,272.86,272.94,272.9,272.78,272.49,272.09,271.7,271.34,271.06,271.05,271.08,271.16,271.22,271.26,271.27,271.23,271.17,271.08,271.01,270.96,270.94,270.95,270.99,270.99,270.99,270.96,270.95,270.97,271.02,271.13,271.3,271.5,271.64,271.74,271.83,271.94,272.04,272.15,272.29,272.41,272.5,272.58,272.66,272.74
244.55,244.68,246.27,247.65,248.18,248.14,248.8,251.27,253.91,256.65,258.85,261.68,263.27,265.31,265.82,265.83,265.15,264.92,265.46,266.6,268.34,269.58,270.47,271.28,272.04,272.34,272.58,272.55,272.63,272.76,272.76,272.51,271.89,271.31,271.04,270.98,270.85,270.78,270.78,270.76,270.69,270.53,270.39,270.27,270.19,270.14,270.17,270.24,270.36,270.47,270.6,270.7,270.76,270.74,270.67,270.6,270.59,270.65,270.79,270.99,271.2,271.41,271.63,271.86,272.05,272.2,272.35,272.48,272.54,272.52,272.46,272.4
