data/current-temp-surface-level-gfs-1.0.json
{"header": {"discipline":0,"disciplineName":"Meteorological products","gribEdition":2,"gribLength":61466,"center":7,"centerName":"US National Weather Service - NCEP(WMC)","subcenter":0,"refTime":"2014-03-08T18:00:00.000Z","significanceOfRT":1,"significanceOfRTName":"Start of forecast","productStatus":0,"productStatusName":"Operational products","productType":1,"productTypeName":"Forecast products","productDefinitionTemplate":0,"productDefinitionTemplateName":"Analysis/forecast at horizontal level/layer at a point in time","parameterCategory":0,"parameterCategoryName":"Temperature","parameterNumber":0,"parameterNumberName":"Temperature","parameterUnit":"K","genProcessType":2,"genProcessTypeName":"Forecast","forecastTime":6,"surface1Type":103,"surface1TypeName":"Specified height level above ground","surface1Value":2,"surface2Type":255,"surface2TypeName":"Missing","surface2Value":0,"gridDefinitionTemplate":0,"gridDefinitionTemplateName":"Latitude_Longitude","numberPoints":65160,"shape":6,"shapeName":"Earth spherical with radius of 6,371,229.0 m","gridUnits":"degrees","resolution":48,"winds":"true","scanMode":0,"nx":360,"ny":181,"basicAngle":0,"subDivisions":0,"lo1":0,"la1":90,"lo2":359,"la2":-90,"dx":1,"dy":1}, "data":
[rows 96 to 127 of 181, columns 288 to 359 of 360]
296.93,295.42,297.64,297.4,297.42,297.15,295.74,295.51,296.19,295.16,294.63,296.24,295.57,295.87,296.09,295.98,295.52,295.44,295.63,296.46,295.25,296.54,295.71,296.44,297.01,297.24,296.58,296.72,297.22,298.68,297.06,294.47,294.66,297.24,297.93,300.17,297.78,300.5,300.64,300.57,300.48,300.28,300.09,299.93,299.88,299.87,299.92,300.2,300.2,300.13,300.15,300.09,300.1,300.08,300.29,300.25,300.11,300.11,300.17,300.06,300.02,300.07,300.29,300.4,300.39,300.42,300.46,300.53,300.52,300.44,300.59,300.66
296.64,297.61,297.11,297.11,296.05,297.05,294.83,293.62,294.64,294.83,295.28,294.38,295.97,296.14,295.27,294.43,294,295.25,294.25,294.95,295.45,295.98,296.33,296.82,297.39,297.15,295.76,297.05,297.42,298.34,297.6,296.35,295,296.6,297.72,297.5,295.41,298.66,300.65,300.6,300.42,300.24,300.12,300.02,300.01,300.05,300.33,300.24,300.09,299.94,299.93,299.89,299.92,299.9,300.04,300,299.96,299.93,299.73,299.71,299.71,299.69,299.69,299.77,299.88,300.12,300.19,300.14,300.27,300.35,300.36,300.28
297.33,295.7,295.3,297.13,296.42,295.47,294.28,293.84,294.82,295.36,295.08,294.68,295.5,295.18,295.12,293.91,294.01,294.83,294.94,295.98,296.24,295.55,295.79,296.87,297.88,297.59,296.53,296.45,297.1,296.38,296.68,296.96,296.72,296.41,296.24,297.07,295.41,298.21,300.59,300.46,300.27,300.17,300.13,300.12,299.98,299.95,300.2,300,299.82,299.87,299.86,299.8,299.71,299.72,299.77,299.76,299.69,299.63,299.52,299.56,299.59,299.58,299.48,299.44,299.51,299.71,299.93,299.96,300.24,300.3,300.19,300.03
296.75,296.81,297.01,297.33,297.56,296.99,296.56,295.89,296.62,296.7,295.66,295.4,295.97,296.44,295.8,296.4,296.34,295.53,296.01,296.22,296.57,295.61,296.9,297.16,296.98,296.7,297,296.17,296.77,295.94,297.44,297.46,298.63,299.11,300.03,297.5,294.31,300.34,300.48,300.53,300.42,300.26,300.37,300.27,300.14,300.09,299.98,299.86,299.87,299.81,299.64,299.61,299.63,299.64,299.53,299.6,299.59,299.44,299.32,299.31,299.34,299.26,299.15,299.13,299.18,299.34,299.49,299.69,300.11,300.1,299.8,299.88
294.69,294.08,295.09,295.94,296.75,297.47,297.2,296.36,295.68,293.8,295.65,295.94,295.16,295.75,295.72,295.2,294.31,295.61,293.11,296.53,296.99,296.23,297.36,296.29,296.77,299.17,296.05,295.01,295.34,297.39,298.08,295.33,297.56,298.42,299.41,298.55,299.46,300.6,300.55,300.49,300.49,300.43,300.43,300.25,300.16,299.89,299.75,299.76,299.49,299.5,299.73,299.77,299.71,299.68,299.5,299.42,299.35,299.27,299.23,299.21,299.12,298.97,298.89,298.87,298.88,299.03,299.18,299.23,299.48,299.65,299.6,299.66
296.42,294.45,294.33,293.45,294.8,297.03,297.46,296.73,295.25,294.81,295.29,295.14,295.23,295.87,295.37,294.78,294.41,294.97,296.67,295.15,296.25,297.86,297.26,296.58,294.88,296.94,294.93,294.28,295.3,299.7,298.36,298.49,300.14,298.79,296.85,299.81,300.57,300.54,300.48,300.34,300.26,300.37,300.37,300.23,300.17,300.07,300.06,299.88,299.61,299.9,299.73,299.62,299.49,299.27,299.27,299.34,299.31,299.21,299.06,299.02,298.97,298.9,298.88,298.76,298.76,298.82,298.89,298.98,299.12,299.23,299.15,299.12
290.83,296.16,296.36,297.07,296.12,296.7,296.97,297.43,296.49,296.64,295.97,295.65,295.06,296.04,295.41,294.79,294.73,294.42,295.55,294.25,295.68,297.37,297.04,295.43,295.34,295.52,295.1,294.56,292.57,296.86,293.55,295.99,298.57,297.31,297,300.67,300.49,300.47,300.36,300.21,300.17,300.09,300.17,300.03,299.88,299.63,299.52,299.69,299.81,299.67,299.52,299.32,299.24,299.21,299.17,299.24,299.32,299.17,298.93,298.87,298.85,298.78,298.69,298.66,298.61,298.67,298.74,298.94,298.94,298.95,298.93,298.86
278.02,289.46,295.85,295.05,297.36,297.83,298,297.52,297.18,297.04,297.19,296.66,295.55,295.86,296.34,295.79,296.13,295.77,296.06,295.92,296.27,297.11,295.11,294.89,295.87,294.97,293.79,295.72,293.72,294.39,293.73,295.96,294.57,297.6,300.44,300.4,300.42,300.3,300.46,300.21,300.07,299.98,299.84,299.72,299.74,299.62,299.62,299.65,299.55,299.43,299.34,299.23,299.26,299.15,299.1,299.06,299.02,298.99,298.94,298.85,298.73,298.67,298.57,298.45,298.46,298.42,298.55,298.78,298.79,298.77,298.8,298.68
280.65,274.4,280.87,288.24,293.03,297.62,298.12,297.66,297.07,296.32,296.57,296.11,296.27,295.6,295.66,296.53,296.42,296.06,294.96,295.89,296.03,296.8,295.71,294.94,295.52,294.49,293.48,295.47,294.93,296.58,296.9,296.68,293.85,298.51,300.26,300.45,300.37,300.12,299.9,299.79,299.86,299.78,299.69,299.66,299.53,299.44,299.41,299.47,299.39,299.3,299.19,299.11,299.05,298.99,298.89,298.77,298.8,298.76,298.65,298.66,298.55,298.47,298.35,298.24,298.24,298.2,298.3,298.51,298.69,298.58,298.64,298.77
277.97,278.78,282.08,278.87,293.42,296.39,297.1,297.84,297.09,295.77,294.44,295.58,295.11,295.35,296.18,297.08,296.47,294.86,295.14,296.14,296.51,296.75,294.87,293.91,293.46,294.99,294.16,294.05,293.56,294.42,291.81,292.35,294.43,298.35,300.2,300.4,300.3,300.08,299.74,299.56,299.63,299.67,299.57,299.51,299.57,299.61,299.46,299.34,299.33,299.34,299.19,298.95,298.89,298.91,298.85,298.79,298.65,298.62,298.55,298.49,298.37,298.35,298.27,298.11,298.04,298.14,298.2,298.26,298.37,298.53,298.4,298.55
282.11,281.54,277.68,276.95,285.39,291.22,294.18,297.59,296.91,295.56,296.19,296.11,296.81,296.4,297.21,297.25,298.09,295.79,295.65,296.17,295.77,295.28,292.26,290.89,293.07,293.62,295.51,294.72,293.52,292.9,292.63,293.9,294.73,298.43,300.29,300.34,300.33,299.97,299.7,299.58,299.63,299.56,299.55,299.49,299.54,299.42,299.39,299.43,299.28,299.25,299.01,298.84,298.92,298.81,298.76,298.7,298.58,298.55,298.48,298.4,298.44,298.39,298.22,298.11,297.93,298.04,298.01,298.03,298.16,298.33,298.27,298.27
293.87,287.18,280.59,284.07,281.77,283.14,285.12,296.58,296.45,296.59,296.44,295.77,295.93,296.76,298.41,297.53,297.36,295.51,294.51,294.09,292.55,293.62,292.91,290.53,292.38,292.72,294.25,294.84,293.09,292.71,294.13,294.61,294.83,299.67,300.32,300.33,300.29,299.95,299.86,299.81,299.7,299.5,299.43,299.56,299.49,299.43,299.57,299.59,299.42,299.17,299,299.02,298.95,298.81,298.72,298.67,298.5,298.48,298.4,298.35,298.31,298.17,298.11,298.05,297.86,297.87,297.77,297.84,298.08,298.01,298,297.75
295.59,294.61,286.97,282.12,284.16,284.3,287.6,288.9,290.02,296.71,296.36,295.74,295.11,295.51,297.1,299.2,298.94,296.04,294.88,292.41,291.76,291.49,292.19,290.9,291.1,290.78,290.16,293.2,292.92,292.28,294.98,295.88,296.94,300.34,300.37,300.38,300.3,300.11,300.14,300,299.73,299.47,299.42,299.54,299.53,299.71,299.59,299.6,299.37,299.31,299.26,299.11,298.97,298.97,298.83,298.75,298.54,298.59,298.55,298.48,298.37,298.27,298.2,298.07,297.91,297.87,297.71,297.46,297.57,297.65,297.53,297.42
295.12,294.76,291.02,281.12,289.69,285.94,282.68,288.4,288.45,294.19,295.51,294.22,294.51,295.73,296.29,298.74,298.61,295.55,294.9,292.67,292.59,292.12,291.49,291.56,289.1,289.29,290.27,291.76,292.58,294.05,295.35,294.18,297.76,300.52,300.46,300.54,300.37,300.27,300.21,300.18,300.06,299.79,299.6,299.67,299.75,299.78,299.61,299.65,299.61,299.56,299.32,299.09,299.12,299.13,298.97,298.78,298.63,298.72,298.61,298.37,298.32,298.26,298.18,297.97,297.73,297.81,297.61,297.44,297.22,297.38,297.28,297.22
294.19,294.11,292.05,281.01,290.49,287.33,286.26,284.9,291.11,293.08,295.56,294.95,295.73,295.72,296.99,295.38,295.27,293.14,294.51,295.31,294.65,293.72,292.4,290.75,290.27,288.93,292.67,290.99,290.28,292.08,292.73,291.88,299.74,300.5,300.61,300.69,300.45,300.37,300.33,300.4,300.18,300.13,299.99,299.85,299.91,299.85,299.67,299.65,299.62,299.61,299.31,299.2,299.24,299.13,299.05,298.88,298.72,298.61,298.47,298.28,298.22,298.09,297.94,297.76,297.56,297.58,297.48,297.34,297.19,297.19,297.04,296.95
293.52,293.58,291.55,285.2,287.89,288.67,285.04,286.26,290.56,294.95,296.25,295.81,296.35,295.97,296.3,294.24,295.81,293.65,294.98,294.69,294.92,293.66,292.71,292.49,290.76,287.22,290.31,290.6,289.11,291.74,293.7,296.7,300.4,300.62,300.7,300.79,300.59,300.47,300.48,300.51,300.33,300.26,300.08,300.1,300.03,300.05,299.9,299.8,299.8,299.72,299.5,299.45,299.43,299.32,299.12,298.99,298.85,298.65,298.5,298.33,298.18,297.95,297.76,297.72,297.76,297.49,297.39,297.2,297.05,296.88,296.86,296.8
293.39,292.87,290.8,287.82,277.86,283.84,286.03,283.63,291.61,296.73,297.21,296.41,296.48,295.27,295.49,294,293.16,293.78,294.61,292.5,293.41,293.98,293.04,293.35,290.12,288.66,286.52,288.73,289.7,292.09,294.15,298.63,300.3,300.72,300.87,300.88,300.74,300.57,300.57,300.39,300.18,300.16,300.14,300.06,299.99,299.98,300.13,300.06,299.94,299.88,299.66,299.55,299.48,299.34,299.24,299.17,298.91,298.74,298.56,298.5,298.3,297.99,297.75,297.53,297.34,297.35,297.22,297,296.89,296.79,296.88,296.97
293.31,292.25,291.74,289.88,284.19,283.21,284.36,284.29,296.83,297.91,297.09,296.51,296.4,295.51,295.18,294.95,293.32,293.83,294.52,294.28,292.59,292.96,293.39,291.53,292.74,291.48,287.11,290.35,294.61,296.82,297.43,299.26,300.36,300.68,301,301.05,300.76,300.65,300.71,300.45,300.09,300.11,300.19,300.23,300.1,300,299.97,300.15,299.91,299.86,299.71,299.52,299.51,299.45,299.39,299.22,298.82,298.6,298.56,298.5,298.25,297.97,297.95,297.87,297.78,297.65,297.51,297.29,297.03,296.99,297.06,296.93
292.98,291.79,293.43,288.74,284.56,284.58,284.21,291.09,295.7,299.39,296.8,297.16,295.85,295,294.58,294.11,293.3,293.24,293.91,292.79,291.87,286.62,290.34,290.31,290.67,291.55,297.92,297.85,298.03,297.49,297.51,298.59,300.26,300.82,300.88,301.09,300.84,300.77,300.8,300.58,300.19,300.17,300.26,300.31,300.33,300.22,300.09,300.03,299.89,299.76,299.69,299.64,299.44,299.52,299.54,299.34,299.01,298.92,298.79,298.42,298.28,298.22,298.13,297.91,297.61,297.25,297.33,297.48,297.01,296.82,296.57,296.68
292.54,291.44,291.65,281.85,283.54,285.38,282.93,291.67,297.65,298.91,296.47,295.99,294.63,293.89,294.28,294.06,292.82,292.89,292.35,290.7,287.21,285.9,288.09,289.15,293.12,298.61,298.52,298.37,297.98,297.76,297.61,297.98,299.84,300.68,300.68,300.58,300.87,300.81,300.84,300.79,300.47,300.32,300.26,300.14,300.13,300.14,300.22,300.22,300.03,299.89,299.73,299.87,299.66,299.26,299.33,299.5,299.2,299.04,298.95,298.67,298.1,297.72,297.49,297.42,297.32,297.21,297.14,297.11,297,296.75,296.51,296.43
292.5,291.31,292.35,268.23,279.12,278.36,286.15,292,297.1,297.15,295.54,294.48,292.89,293.16,293.79,291.79,291.2,292.17,291.52,290.41,287.4,285.72,288.87,289.18,298.2,298.33,298.58,298.66,298.53,298.34,298.08,297.51,298.85,300.19,300.51,300.18,300.27,300.84,300.84,300.91,300.67,300.48,300.24,300.13,300.09,300.19,300.4,300.22,299.9,299.98,299.8,299.64,299.49,299.51,299.24,299.67,299.3,299.14,298.73,298.06,297.93,297.87,297.8,297.61,297.47,297.35,297.08,296.94,296.83,296.64,296.44,296.13
291.41,291.04,289.3,262.9,282.04,284.69,285.58,297.21,297.73,295.88,294.43,293.22,291.81,291.86,292.94,292.69,291.49,290.43,290.46,289.24,285.58,284.97,289.59,292.67,298.32,298.29,298.42,298.38,298.47,298.35,297.92,297.42,297.57,299.3,299.34,300.17,300.21,300.34,300.69,300.39,300.35,300.24,300.18,300.11,299.88,300.16,300.26,300.14,299.86,299.79,299.8,299.47,299.32,299.44,299.25,299.39,299.38,299.12,298.36,298.16,297.86,297.72,297.3,297.05,296.95,296.85,296.73,296.51,296.37,296.27,296.02,295.84
290.35,291.03,286.26,272.99,286.21,299.78,290.35,295.31,297.07,294.89,293.77,292.75,291.69,291.94,292.27,292.98,291.7,291.4,290.81,289.54,289.01,287.57,285.22,290.07,297.9,297.86,298.06,298.13,297.88,298.18,297.81,296.99,296.92,297.44,298.64,299.22,299.85,299.74,299.81,299.6,299.67,299.89,300.26,300.21,299.88,299.96,300.07,300.02,299.83,299.8,299.72,299.57,299.37,299.4,299.36,298.74,298.99,298.68,298.26,297.73,297.7,297.15,296.9,296.72,296.65,296.56,296.37,296.29,296.13,295.95,295.76,295.6
290.26,290.92,281.74,286.33,289.51,290.86,297.89,296.97,296.56,294.7,293.6,293.04,292.12,291.8,291.41,292.65,293.77,291.86,289.8,289.49,289.31,287.27,288.68,296.89,297.63,297.73,297.67,297.76,297.72,297.6,297.52,296.75,297.04,296.08,297.45,298.29,298.83,298.88,298.94,299.13,299.4,299.79,300.04,300.1,299.61,299.57,299.8,299.69,299.58,299.45,299.42,299.46,299.13,299.2,299.11,298.95,298.73,298.36,297.68,297.27,297.12,296.84,296.7,296.65,296.61,296.46,296.31,296.09,295.84,295.62,295.46,295.37
291.31,291.87,277.03,292.37,298.15,297.46,299.85,299.11,290.82,296.39,294.11,293.3,291.97,291.27,289.61,292.37,293.07,292.32,292.79,291.28,291.33,291.9,296.62,297.11,297.66,297.54,297.43,297.47,297.58,297.32,297.38,297.09,296.88,296.87,296.58,296.87,297.17,297.84,297.92,298.24,298.85,299.53,299.63,299.57,299.38,299.51,299.53,299.32,299.17,299,298.86,298.86,298.72,298.64,298.5,298.35,298.11,297.67,297.24,296.97,296.62,296.41,296.32,296.24,296.26,296.33,296.14,295.82,295.42,294.98,294.72,294.62
291.33,294.07,279.78,293.14,298.73,295.95,297.32,291.81,291.68,295.45,292.99,292.69,292.09,290.8,292.8,292.48,291.05,290.98,289.13,289.42,291.06,295.09,296.59,296.81,297.07,296.98,297,297.01,297.24,297.27,297.08,296.75,296.34,296.65,297.03,296.97,297,297.46,297.39,297.61,298.04,298.83,299.42,299.28,299.21,299.28,299.23,298.96,298.69,298.38,298.26,298.42,298.11,297.78,297.78,297.76,297.23,296.77,296.43,296.32,296.1,295.9,295.89,295.76,295.5,295.54,295.45,294.99,294.48,294.05,293.86,293.79
290.88,291.59,280.91,291.42,302.87,298.62,296.34,290.55,292.92,293.45,291.73,291.57,290.8,290.44,289.61,291.33,290.33,291.51,290.61,289.5,292.07,295.84,295.88,295.6,296.03,296.05,296.25,296.52,296.66,296.76,296.91,296.81,297.02,296.76,296.67,296.8,296.79,297.01,297.36,297.57,297.59,297.85,298.87,298.98,298.82,298.74,298.66,298.48,297.98,297.68,297.8,298,297.47,297.48,297.36,296.95,296.43,296.27,295.94,295.68,295.55,295.4,295.41,295.4,295.05,294.84,294.67,294.11,293.71,293.17,292.99,292.93
290.23,291.04,275.01,294.06,300.49,296.35,289.78,291.1,293.22,291.68,290.55,290.26,290.92,290.72,288.6,291.26,291.68,289.69,290.59,293.79,295.59,295.55,295.17,295.07,295.43,295.25,295.26,295.55,295.78,296.1,296.21,296.35,296.66,296.72,296.56,296.47,296.75,297.32,297.47,297.41,297.37,297.35,297.83,298.4,298.06,297.92,298.11,297.79,297.2,297.07,297.32,297.32,297.13,296.93,296.71,296.29,295.85,295.54,295.32,295.3,295.22,295.11,294.6,294.28,294.17,293.96,293.61,293.09,292.47,291.93,292.01,292
289.81,291.56,278.12,295.95,300.3,299.17,297.21,296.04,294.53,292.25,290.76,290.2,290.14,290.55,291.21,290.18,290.56,288.72,290.33,295.01,295,295.13,295.03,294.87,294.8,294.77,294.71,294.78,295.05,295.28,295.4,295.44,295.54,295.88,295.91,295.74,295.72,295.87,296.34,296.64,296.87,297.03,297.16,297.49,297.11,297.21,297.1,296.98,296.57,296.5,296.53,296.52,296.47,296.24,295.91,295.45,295.13,294.95,294.84,294.65,294.12,293.69,293.59,293.54,293.27,292.8,292.31,291.9,291.49,291.11,291.07,290.96
290.1,288.78,283.17,297.26,299.23,300,298.74,296.78,295.98,293.62,292.07,290.86,290.05,290.34,292.15,295.91,294.52,293.47,294.64,294.4,294.19,294.23,294.32,294.22,294.06,294.07,294.13,294.17,294.3,294.35,294.3,294.31,294.41,294.57,294.67,294.81,294.97,295.04,295.2,295.54,295.9,296.16,296.28,296.35,296.17,296.08,295.98,295.92,295.61,295.56,295.68,295.66,295.51,295.36,295.02,294.76,294.54,294.39,294.02,293.61,293.39,292.96,292.8,292.41,291.86,291.33,290.8,290.38,290.25,290.13,289.91,289.87
290.64,283.84,286.13,294.03,298.28,298.71,297.74,296.3,296.77,296.12,293.68,291.96,290.94,290.63,290.12,295.7,295.6,295.03,294.56,294.31,293.87,293.48,293.39,293.44,293.35,293.19,293.09,293.01,293.09,293.28,293.34,293.32,293.35,293.51,293.76,293.9,294.08,294.26,294.4,294.75,295.05,295.37,295.42,295.39,295.27,295.12,294.96,294.66,294.49,294.51,294.63,294.6,294.45,294.34,294.18,294.06,293.84,293.48,293.02,292.73,292.41,292.3,291.64,291.13,290.63,290.15,289.65,289.43,289.25,289.03,288.77,288.63
288.95,283.92,289.62,297.15,299.6,298.66,296.44,295.51,294,293.97,294.75,292.98,291.43,291.21,291.16,293.11,295.81,295.25,294.74,294.37,293.91,293.31,292.74,292.47,292.4,292.38,292.21,291.98,292,292.24,292.46,292.64,292.78,292.89,293.07,293.27,293.37,293.46,293.66,294,294.35,294.57,294.5,294.46,294.35,294.23,294.05,293.67,293.53,293.46,293.46,293.42,293.3,293.16,292.99,292.75,292.52,292.15,291.85,291.67,291.45,291.39,290.97,290.04,289.52,289,288.59,288.38,288.2,287.98,287.78,287.64
