data/current-temp-surface-level-gfs-1.0.json
{"header": {"discipline":0,"disciplineName":"Meteorological products","gribEdition":2,"gribLength":61466,"center":7,"centerName":"US National Weather Service - NCEP(WMC)","subcenter":0,"refTime":"2014-03-08T18:00:00.000Z","significanceOfRT":1,"significanceOfRTName":"Start of forecast","productStatus":0,"productStatusName":"Operational products","productType":1,"productTypeName":"Forecast products","productDefinitionTemplate":0,"productDefinitionTemplateName":"Analysis/forecast at horizontal level/layer at a point in time","parameterCategory":0,"parameterCategoryName":"Temperature","parameterNumber":0,"parameterNumberName":"Temperature","parameterUnit":"K","genProcessType":2,"genProcessTypeName":"Forecast","forecastTime":6,"surface1Type":103,"surface1TypeName":"Specified height level above ground","surface1Value":2,"surface2Type":255,"surface2TypeName":"Missing","surface2Value":0,"gridDefinitionTemplate":0,"gridDefinitionTemplateName":"Latitude_Longitude","numberPoints":65160,"shape":6,"shapeName":"Earth spherical with radius of 6,371,229.0 m","gridUnits":"degrees","resolution":48,"winds":"true","scanMode":0,"nx":360,"ny":181,"basicAngle":0,"subDivisions":0,"lo1":0,"la1":90,"lo2":359,"la2":-90,"dx":1,"dy":1}, "data":
[rows 32 to 63 of 181, columns 144 to 215 of 360]
264.68,264.39,264.43,264.4,265.11,266.95,268.22,268.38,268.45,268.58,268.85,268.75,267.94,266.17,264.13,263.98,265.63,262.55,263.21,265.74,269.68,269.9,269.7,269.57,269.57,269.5,269.49,269.47,269.47,269.57,269.69,269.81,269.95,270.04,270.08,270.09,270.09,270.04,269.95,269.78,269.48,269.25,269.03,268.84,268.64,268.63,268.88,268.91,268.42,267.7,266.91,265.7,266.18,267.35,268.3,270.13,269.76,267.36,265.35,263.39,262.89,267.45,273.52,272.69,273.43,273.44,274.65,275.93,276.24,276.53,277.14,277.99
265.03,266.9,268.45,268.66,269.28,269.33,269.58,269.89,270.09,270.18,270.19,269.92,268.49,265.97,263.83,265.08,263.09,263.36,262.68,269.07,270.81,270.77,271.12,271.18,271.26,271.28,271.33,271.41,271.54,271.71,271.87,271.95,271.92,271.85,271.83,271.89,271.99,271.98,271.8,271.64,271.48,271.27,271.11,270.81,270.61,270.53,270.43,270.12,269.6,268.93,268.32,267.89,268.05,268.93,270.39,270.93,269.63,269.04,268.12,268.79,270.61,270.77,273.14,275.43,274.86,274.41,274.92,275.98,277,277.92,278.24,278.26
269.25,269.88,269.84,269.93,270.06,270.35,270.86,271.15,271.09,270.41,269.23,267.42,265.43,265.91,262.49,261.83,263.4,260.29,266.91,270.22,271.61,272.04,272.25,272.42,272.56,272.68,272.73,272.77,272.81,272.84,272.84,272.81,272.73,272.6,272.5,272.6,272.9,273.06,272.89,273.53,274.06,273.95,273.76,273.43,273.14,272.84,272.42,271.93,271.42,271.01,270.85,271.05,271.62,272.3,272.8,272.17,271.38,272.54,273.71,273.38,273.7,273.89,274.41,275.41,276.16,276.01,275.52,275.88,276.59,277.34,278,278.29
270.94,270.89,270.74,270.68,270.72,270.94,271.13,271.06,270.93,270.82,270.02,268.19,266.83,265.2,262.43,264.67,262.83,262.59,268.08,272.17,272.3,272.6,272.31,272.68,272.9,272.97,273,273.06,273.12,273.15,273.2,273.25,273.24,273.19,273.21,273.26,273.5,273.75,274.29,275.46,275.76,275.33,275.09,274.79,274.57,274.57,274.4,274.21,274.21,274.17,274.01,273.86,272.95,273.34,273.52,274.03,273.87,274.24,274.97,275.62,276.15,276.44,276.51,276.53,276.74,276.75,276.34,276.33,276.81,277.22,277.57,278.2
270.62,271.08,270.8,271.15,271.27,271.29,271.41,271.66,271.91,271.86,271.32,269.43,267.96,263.79,261.09,262.76,268.18,271.02,271.86,272.57,272.73,273.13,273.13,273.07,273.04,273.05,273.06,273,272.92,272.96,272.96,272.82,272.81,273.11,273.59,273.78,273.84,274.01,274.14,274.41,274.89,274.99,274.88,275.33,275.58,275.3,275.27,275.1,274.98,273.91,274.4,274.69,274.74,274.34,274.54,275.08,275.67,275.98,276.06,276.12,276.36,276.7,276.86,277,277.08,277,277.01,277.27,277.61,277.83,278.18,278.83
270.83,270.8,270.56,270.68,270.79,270.97,271.28,271.79,271.92,271.37,271.23,270.27,268.53,267.24,265.98,269.31,270.25,272.09,272.58,272.78,273.27,273.46,273.22,273.17,273.25,273.13,273.07,272.99,272.83,272.17,272.39,272.14,271.88,271.81,272.17,273.13,273.85,273.9,274.07,274.09,274.38,274.8,274.69,274.73,275.6,276.08,275.86,275.69,275.75,275.93,275.86,276.27,276.63,276.92,276.97,276.79,276.51,276.36,276.44,276.61,276.81,277.17,277.36,277.48,277.58,277.72,277.76,277.9,278.24,278.81,279.38,279.66
270.79,271.11,271.16,271.27,271.19,271.01,271.07,271.53,271.74,271.44,271.29,270.72,269.97,269,268.09,270.9,272.17,272.72,273.07,273.35,273.57,273.72,273.64,273.52,273.47,273.43,273.43,273.39,273.15,272.93,272.73,272.4,272.09,271.89,271.98,272.79,273.87,274.11,274.29,274.35,274.43,274.64,274.4,274.72,275.4,276.35,276.24,275.88,275.84,275.78,275.76,275.74,275.8,275.97,276.38,276.9,277.13,277,276.9,277.11,277.47,278.04,278.26,278.31,278.55,278.89,279.12,279.31,279.5,279.71,279.9,279.92
268.3,268.97,269.72,269.42,270.08,271.14,271.51,271.61,271.82,271.88,271.54,271.31,271.48,271.04,271.59,272.49,272.99,273.29,273.69,273.83,273.77,273.56,273.4,273.27,273.44,273.6,273.63,273.53,273.51,273.51,273.43,273.43,273.34,273.12,272.84,272.92,273.66,274.48,275.27,275.45,275.33,275.36,275.32,275.46,276.07,276.57,276.47,276.2,275.95,275.81,275.76,275.71,275.76,275.85,275.94,276.17,276.59,277.05,277.4,277.66,277.9,278.11,278.31,278.43,278.72,279.09,279.39,279.64,279.87,280.04,280.13,280.23
265.69,265.83,267.2,269.26,270.64,270.87,270.84,271.16,271.13,271.28,272.25,272.18,272.29,272.66,272.94,273.29,273.55,273.76,273.64,273.62,273.61,273.46,273.43,273.57,273.65,273.37,273.5,273.81,273.67,273.34,273.42,273.98,274.12,273.94,273.78,273.56,273.49,273.76,274.03,274.12,274.36,274.73,275.11,275.42,275.61,275.69,275.7,275.72,275.72,275.72,275.72,275.76,275.87,276.01,276.18,276.32,276.41,276.59,276.92,277.3,277.75,278.25,278.73,279.11,279.33,279.63,279.96,280.11,280.24,280.43,280.64,280.86
265.93,265.55,267.38,269.89,270.56,270.9,271.04,270.87,271.05,271.5,271.45,271.67,272.34,272.1,272.15,272.24,272.22,272.31,272.45,272.47,272.38,272.51,272.78,273.21,274.12,274.78,275.28,275.47,275.3,275.15,274.73,274.59,274.76,274.46,274.37,274.18,274.11,274,273.97,274.01,274.11,274.21,274.33,274.47,274.67,274.89,275.15,275.45,275.74,275.94,276.08,276.19,276.31,276.41,276.52,276.7,276.89,277.01,277.08,277.2,277.53,278.07,278.59,279.08,279.56,279.9,280.31,280.7,280.89,281.07,281.31,281.5
266.51,266.54,268.91,269.99,270.19,270.35,270.78,270.94,270.84,271.4,271.77,271.85,271.95,271.9,271.79,271.91,272.09,272.29,272.53,272.78,273,273.15,273.36,273.68,273.96,274.18,274.48,274.73,274.79,274.73,274.8,274.84,275.01,275.36,274.58,274.34,274.18,274.17,274.23,274.38,274.61,274.84,274.95,275.11,275.27,275.54,275.93,276.36,276.69,276.91,277.14,277.33,277.38,277.34,277.35,277.39,277.5,277.66,277.79,277.84,277.93,278.13,278.58,279.22,279.76,280.15,280.4,280.71,281.19,281.49,281.79,281.99
266.54,267.13,269.09,269.69,270.16,270.46,270.93,271.18,270.88,271.35,271.84,271.81,272.01,272.4,272.46,272.46,272.54,272.82,273.19,273.5,273.74,273.89,273.97,274,274.27,274.53,274.74,274.86,274.95,275.01,274.96,274.97,274.84,275.66,276.66,276.44,276.02,275.78,275.77,276.05,276.34,276.55,276.7,276.95,277.35,277.81,278.17,278.34,278.39,278.35,278.1,277.7,277.66,277.87,278.03,278.21,278.37,278.5,278.52,278.56,278.7,278.8,279.06,279.71,280.21,280.51,280.68,280.98,281.27,281.77,282.27,282.45
268.43,269.27,270.58,270.48,269.84,270.15,270.44,271.16,271.26,271.32,271.76,272.25,272.51,272.64,272.63,272.62,272.92,273.36,273.61,273.73,273.97,274.06,274.04,273.74,273.69,273.55,274.32,275.09,275.25,275.33,275.17,275.18,275.3,275.34,275.89,276.68,276.27,276.49,276.82,277.01,277.15,277.37,277.72,278.13,278.51,278.78,278.98,279.12,279.22,279.34,279.48,279.47,279.02,278.57,278.65,278.96,279.29,279.55,279.65,279.67,279.71,279.75,280.1,280.54,280.87,281.07,281.25,281.39,281.52,281.95,282.36,282.77
270.88,270.77,270.25,269.19,269.47,270.57,271.19,271.51,271.69,271.72,271.81,272.05,272.4,272.93,273.12,273.19,273.29,273.68,273.65,274.34,274.55,274.51,274.57,274.68,275.18,276.07,275.82,275.37,275.44,275.58,275.65,275.76,275.88,276.04,275.99,276.51,275.66,275.67,276.24,276.95,277.57,278.05,278.31,278.43,278.64,278.93,279.18,279.39,279.64,279.88,280.03,280.19,280.4,280.42,280.15,279.84,279.79,280.08,280.45,280.63,280.67,280.82,281.11,281.2,281.26,281.47,281.78,282.04,282.21,282.41,282.81,283.17
269.76,267.97,269.16,270.37,270.93,271.22,271.66,271.97,271.86,272.13,272.32,272.42,272.56,272.95,273.41,273.67,273.39,273.63,273,272.76,274.5,274.9,275.17,275.64,276.15,276.53,276.47,276.11,275.96,276.07,276.31,276.52,276.68,276.74,276.41,276.61,276.54,277.22,279.57,281.03,281.63,281.54,281.1,280.83,280.54,280.01,279.74,279.77,279.88,280.14,280.51,280.88,281.09,281.26,281.57,281.78,281.6,281.17,281.05,281.28,281.55,281.76,281.97,281.99,282.1,282.31,282.49,282.71,282.78,283.05,283.41,283.62
270.06,271.08,271.78,271.87,272.01,272.27,272.58,272.48,272.21,272.34,272.66,272.94,273.04,273.24,273.69,274.05,274.57,275.12,275.68,274.06,273.78,275.17,276.07,276.61,276.81,277.15,276.95,276.71,276.74,276.87,277.11,277.32,277.33,277.03,277.03,277.36,277.64,281.43,283.02,282.9,282.9,282.87,282.86,282.66,282.26,281.8,281.52,281.4,281.39,281.36,281.31,281.35,281.62,281.99,282.2,282.61,282.77,282.56,282.35,282.08,282.16,282.37,282.52,282.63,282.61,282.75,282.88,282.96,283.2,283.61,283.82,284.01
272.3,272.45,272.63,272.85,273.01,273.09,273.24,273.47,273.33,273.15,273.28,273.5,273.81,274.11,274.47,274.93,275.19,275.48,275.79,276.49,277.16,277.51,277.16,276.78,277.3,277.8,277.43,277.35,277.51,277.89,277.92,277.92,277.76,277.82,278.17,278.22,280.53,283.17,283.62,283.82,283.74,283.61,283.6,283.57,283.51,283.43,283.36,283.16,282.9,282.77,282.75,282.79,282.82,282.87,283.06,283.37,283.48,283.39,283.21,283.12,283,283.01,283.04,283.11,283.12,283.22,283.5,283.53,283.66,284.17,284.27,284.48
273.62,273.52,273.6,273.79,273.92,274.03,274.15,274.52,274.81,274.75,274.89,274.88,275.12,275.48,275.94,276.33,276.51,276.81,277.21,277.89,277.98,278.4,278.28,277.49,278.41,278.14,277.83,277.96,278.41,278.62,278.72,278.8,278.8,279.05,279.28,280.26,282.71,283.88,284.3,284.52,284.49,284.33,284.3,284.32,284.34,284.28,284.2,284.1,284.06,284.07,284.08,284.1,284.06,284,284.06,284.2,284.21,284.03,283.89,283.84,283.64,283.52,283.58,283.62,283.64,283.63,283.76,283.9,284.2,284.55,284.71,284.95
274.66,274.73,274.7,274.8,275.04,275.27,275.5,275.85,276.08,276.38,276.53,276.76,276.79,276.9,277.03,277.33,277.8,278.24,278.66,278.86,279.16,279.91,279.81,278.91,278.66,278.42,278.38,278.85,279.47,279.99,280.15,280.09,280.05,280.26,281.01,282.66,283.97,284.55,284.98,285.26,285.13,285.06,285.02,285.07,285.09,285.08,285.05,285.01,284.98,284.91,284.84,284.79,284.72,284.7,284.73,284.74,284.67,284.55,284.46,284.41,284.33,284.1,284.09,284.11,284.11,284.22,284.31,284.48,284.65,284.9,285.29,285.51
275.23,275.6,275.82,275.93,276.24,276.54,276.75,277.16,277.7,278.03,278.41,278.54,278.74,278.92,279.03,279.26,279.58,279.84,280.35,280.78,281.03,281.24,281.54,280.91,279.84,279.24,279.78,280.1,280.52,281.35,281.89,282.03,282.09,282.4,283.1,284.02,284.72,285.19,285.75,285.9,285.83,285.78,285.78,285.83,285.83,285.83,285.78,285.75,285.7,285.62,285.55,285.49,285.38,285.29,285.26,285.21,285.12,285.01,284.96,284.94,284.92,284.75,284.66,284.71,284.79,284.63,284.69,284.92,285.17,285.42,285.75,286.1
276.35,276.59,276.99,277.44,277.77,277.98,278.38,278.57,279.29,279.63,279.96,280.27,280.33,280.39,280.47,280.59,280.89,281.47,281.81,281.94,282.07,282.31,282.06,282.06,282.81,282.93,282.55,282.94,283.6,283.05,282.82,283.07,283.38,283.87,284.45,284.94,285.41,286,286.48,286.54,286.49,286.44,286.48,286.56,286.57,286.5,286.45,286.34,286.25,286.19,286.12,286.06,285.95,285.81,285.7,285.62,285.55,285.47,285.43,285.44,285.44,285.3,285.26,285.3,285.42,285.48,285.33,285.49,285.64,285.93,286.13,286.46
277.69,278.03,278.43,278.91,279.41,279.71,280.06,280.47,280.61,281.16,281.41,281.86,282.09,282.1,282.21,282.28,282.65,283,283.3,283.53,283.49,283.44,283.19,283.33,283.81,284.28,284.67,285.07,285.33,284.97,284.74,284.66,284.7,284.99,285.44,285.77,286.26,286.89,287.23,287.15,287.1,287.07,287.08,287.15,287.2,287.06,287,286.86,286.74,286.65,286.58,286.5,286.36,286.23,286.15,286.07,285.97,285.94,285.89,285.93,285.93,285.86,285.82,285.85,285.91,285.92,285.95,286.06,286.24,286.43,286.61,286.86
279.3,279.65,279.91,280.31,280.89,281.32,281.6,281.77,282.26,282.64,282.96,283.26,283.37,283.44,283.58,283.9,284.23,284.4,284.74,284.81,284.44,284.43,284.61,285.31,285.53,285.41,285.37,285.65,285.95,286.13,286.1,286.05,285.98,286.13,286.44,286.75,287.15,287.84,287.76,287.69,287.66,287.66,287.62,287.57,287.52,287.52,287.41,287.25,287.11,287.04,286.98,286.88,286.74,286.6,286.53,286.46,286.41,286.39,286.38,286.41,286.36,286.39,286.41,286.45,286.53,286.55,286.63,286.67,286.82,287.08,287.32,287.59
281.06,281.48,281.49,281.45,281.51,281.78,282.03,282.53,283.28,283.8,283.99,284.14,284.45,284.79,285.05,285.17,285.2,285.45,285.78,285.97,285.78,285.63,285.68,285.94,286.22,286.16,286.11,286.25,286.52,286.78,286.85,286.84,286.95,287.13,287.43,287.63,288.42,288.49,288.24,288.15,288.15,288.12,288.04,287.94,287.86,287.8,287.7,287.52,287.4,287.36,287.32,287.24,287.09,286.94,286.86,286.82,286.79,286.8,286.85,286.84,286.79,286.8,286.91,287.01,287.03,287.08,287.11,287.23,287.47,287.69,287.99,288.28
283.36,283.79,283.81,283.53,283.35,283.26,283.36,283.66,284.11,284.52,284.79,284.98,285.17,285.46,285.8,286.28,286.69,286.81,286.92,287.12,287.22,286.95,286.73,286.88,286.82,286.71,286.74,286.9,287.19,287.46,287.53,287.55,287.66,287.96,288.31,289,289.21,288.94,288.68,288.56,288.56,288.51,288.38,288.21,288.11,288.08,287.96,287.82,287.7,287.68,287.66,287.57,287.39,287.21,287.12,287.09,287.09,287.09,287.13,287.14,287.2,287.24,287.28,287.34,287.47,287.68,287.76,287.82,288.06,288.33,288.6,288.89
284.9,284.93,284.85,284.61,284.44,284.34,284.48,284.64,284.91,285.26,285.58,285.86,286.11,286.34,286.65,286.9,286.82,287.05,287.09,287.19,287.37,287.77,287.55,287.23,287.21,287.24,287.33,287.56,287.83,288.01,288.09,288.17,288.42,288.87,289.41,290.04,289.71,289.33,289.1,289.02,289.02,288.92,288.7,288.51,288.41,288.39,288.3,288.17,288.04,287.98,287.9,287.77,287.62,287.47,287.38,287.36,287.34,287.36,287.41,287.44,287.42,287.44,287.49,287.57,287.77,288.12,288.4,288.52,288.72,289,289.22,289.48
285.53,285.63,285.67,285.44,285.53,285.61,285.69,285.82,286.06,286.3,286.31,286.55,286.98,287.33,287.41,287.67,287.86,287.95,288.08,288.14,288.1,288.11,287.92,287.6,287.62,287.76,287.96,288.13,288.3,288.43,288.54,288.81,289.29,289.82,290.74,290.63,290.31,289.92,289.66,289.45,289.42,289.37,289.09,288.93,288.83,288.86,288.77,288.59,288.4,288.27,288.11,287.98,287.85,287.78,287.76,287.75,287.73,287.77,287.77,287.73,287.71,287.72,287.82,287.99,288.2,288.45,288.73,289.01,289.32,289.62,289.81,290.01
284.58,285.21,285.9,286.49,286.83,286.93,287,287.17,287.41,287.97,288.37,288.47,288.43,288.41,288.42,288.61,288.64,288.28,288.23,288.47,288.48,288.41,288.16,288.04,288.22,288.39,288.59,288.69,288.77,288.91,289.23,289.7,290.2,291.1,291.45,291.35,291.01,290.66,290.34,290.07,289.88,289.79,289.64,289.45,289.39,289.4,289.33,289.03,288.82,288.62,288.43,288.29,288.11,288.01,288.05,288.1,288.16,288.18,288.12,288.08,288.08,288.15,288.32,288.57,288.82,289.09,289.44,289.7,289.89,290.09,290.31,290.55
286.14,286.47,287.04,287.87,288.3,288.22,288.35,288.66,289.06,289.31,288.9,288.71,288.84,288.95,288.93,288.72,288.6,288.5,288.27,288.46,288.73,288.74,288.63,288.69,288.84,289.04,289.17,289.26,289.43,289.77,290.22,290.71,291.37,292.03,292.02,292.13,291.95,291.63,291.31,290.97,290.74,290.44,290.26,290.08,290.02,290,289.93,289.62,289.3,289.1,288.94,288.72,288.51,288.44,288.5,288.59,288.68,288.78,288.79,288.76,288.77,288.87,289,289.15,289.39,289.69,289.89,289.97,290.26,290.61,290.94,291.21
288.41,288.61,288.61,288.51,288.83,288.95,288.93,288.93,288.97,289.18,289.08,289.21,289.32,289.41,289.01,288.74,288.82,288.8,288.88,288.98,289.18,289.21,289.23,289.34,289.53,289.69,289.86,290.07,290.41,290.85,291.34,291.85,292.6,292.83,293.27,293.11,292.9,292.53,292.32,291.9,291.61,291.34,290.94,290.77,290.64,290.72,290.84,290.47,290.05,289.69,289.51,289.34,289.24,289.24,289.28,289.35,289.41,289.46,289.53,289.59,289.54,289.55,289.62,289.73,289.95,290.14,290.28,290.59,290.92,291.34,291.63,291.91
289.67,289.47,289.2,288.88,288.96,289.09,289.17,289.23,289.22,289.56,289.73,289.94,289.69,289.83,289.59,289.36,289.34,289.3,289.44,289.65,289.79,289.9,289.92,290.07,290.26,290.52,290.79,291.14,291.55,292.07,292.61,293.22,293.86,293.82,294.25,294.36,294,293.38,293.13,292.86,292.51,292.19,291.56,291.42,291.3,291.25,291.41,291.27,290.95,290.57,290.22,290.03,290.01,290,290.05,290.12,290.13,290.2,290.36,290.39,290.29,290.22,290.25,290.41,290.57,290.75,291.09,291.34,291.65,292.08,292.38,292.52
290.2,290.08,289.95,289.74,289.61,289.59,289.53,289.59,289.78,290.02,290.36,290.62,290.82,290.96,290.68,290.41,290.27,290.23,290.29,290.46,290.62,290.76,290.76,290.92,291.24,291.56,291.95,292.33,292.79,293.41,294.01,294.63,294.76,294.85,295.13,295.17,294.56,294.5,294.01,293.78,293.54,293.12,292.45,292.07,291.96,291.86,292.01,291.94,291.86,291.47,291.13,290.83,290.73,290.77,290.86,290.91,290.9,291.03,291.08,291.08,291.08,291.11,291.18,291.24,291.47,291.65,291.88,292.23,292.58,292.86,292.99,293.33
